# xi_x xi_y xi_z eigen_value_1 eigen_value_2 eigen_value_3 eigen_vector_1_x eigen_vector_2_x eigen_vector_3_x eigen_vector_1_y eigen_vector_2_y eigen_vector_3_y eigen_vector_1_z eigen_vector_2_z eigen_vector_3_z local_bandwidth scaling_factor
27.528104691935329 11.163922174421966 10.475869799309928 14.328224437202671 6.855186819597330 11.518277593904156 0.999232256265244 -0.031174343607389 0.023728850366558 -0.024264408793387 -0.967966486108392 -0.249904222126957 -0.030759331998232 -0.249136593200638 0.967979762920384 0.896024147437296 7.276977784378162
28.481786398402917 8.837814191916198 12.220913249566523 22.099202822870645 8.224859397012162 15.301698895726370 0.952901033816703 0.281855796064306 0.111968432944357 0.280536558113093 -0.959443652068178 0.027696896362890 -0.115233932993358 -0.005018837617814 0.993325702856746 1.209302332993607 10.202610775393769
25.900176835051180 9.877251407044689 9.820004930985428 14.412340972275441 9.133520428245362 8.360788913810053 0.759828546165654 0.646350243155294 -0.069942430647505 0.606858070340593 -0.666554956648026 0.432929292414410 -0.233203479592998 0.371397163345442 0.898710344974774 0.887823508783737 11.667062872915585
24.821197003876744 11.729432401640329 10.171297639694917 13.510232660697509 7.114003536681276 11.361689247605366 -0.989945415456358 0.102103058699753 -0.097893001900514 0.125833550155906 0.951782120378235 -0.279779757994518 -0.064606439865545 0.289284912728723 0.955060336939732 0.885509545802475 9.349303352116580
25.522075450293986 10.527845314468969 10.144696795331345 14.421924743233289 9.139593943158138 8.366348585630959 0.759828546165654 0.646350243155294 -0.069942430647505 0.606858070340593 -0.666554956648026 0.432929292414410 -0.233203479592998 0.371397163345442 0.898710344974774 0.888413884571789 11.674821116946859
24.667348654748533 9.756024333028105 11.776769464175697 17.217559979039173 10.075969660362579 6.950310768631121 0.331544814720238 -0.921185326597330 -0.203704761588658 -0.883266267293530 -0.227200090952488 -0.410147314671858 -0.331539947658616 -0.315907759849217 0.888978936968459 0.915252386161641 13.075695418854030
24.626135403301802 6.963966346480627 8.984303269928880 24.596148600603012 15.956652097280692 5.635979197977144 0.794126726347110 -0.535404367361123 0.287584606527987 0.409329915571687 0.820958323638267 0.398091008523330 0.449234641049972 0.198417726677034 -0.871101970506909 1.120416249189214 17.768103824242331
25.307237190880720 9.117412077226520 11.027993678149631 13.183937685630873 9.796579901074631 9.097272461264255 0.588534628758088 0.755979405447530 0.286569588916511 0.698405729451884 -0.653953323912155 0.290816930753740 -0.407254745609380 -0.028986008408243 0.912854524825942 0.907396123442764 12.935468102599394
28.539509247975214 10.054416354346856 8.270457991951417 14.756165558962918 7.435470029998856 9.831075315215200 0.886203917155726 0.393291214670902 -0.244876780607174 0.232266099699412 -0.834486605107677 -0.499684465264118 0.400867903614483 -0.385945755720349 0.830873514738061 0.881889760314018 7.066941912191383
23.625632299948332 11.747371903657065 11.822791947443358 17.441919077630416 6.565887487276551 10.377189881666881 -0.668813730303936 -0.739353583925392 0.077746203081645 -0.158144063800068 0.039307205423517 -0.986633365889576 -0.726414929115401 0.672169042383292 0.143213579034232 0.910840778389816 9.905115104540238
24.309894851393832 8.944238872320259 10.449713558938260 21.857502559288740 8.798838884863754 5.981984588536985 0.823625633942803 0.538982466249471 -0.176461656424147 0.248020514304239 -0.622126468304517 -0.742593079633260 0.510026116582844 -0.567852585193187 0.646078015330066 0.901039246166268 15.165827982919900
20.038407063552146 10.185931306481793 9.586260396625450 18.714647922925820 6.005512266443351 10.450329472271575 0.928868985963008 0.367347313445592 0.047522186611728 0.307229835166862 -0.835736621476198 0.455141876679013 -0.206911177318667 0.408166939900645 0.889149882681625 0.907278342825626 7.718107492515995
26.460581361455443 9.539388192907104 11.429878671110318 23.361034612794672 5.945742440768668 8.607424682533788 0.872768533591502 0.411280996292363 0.262912587871521 0.206158021655443 0.177644097606406 -0.962258512403356 0.442463509093860 -0.894030489790123 -0.070253302029015 0.912662995624615 10.475715567438041
23.395394498849328 8.311304565675275 8.753053353485013 17.958519449646914 11.021213248466577 5.574411992305687 0.800558234700559 -0.543046942314127 -0.253390077344005 -0.559426044382965 -0.828833038088167 0.008848493632689 0.214823215037745 -0.134669274212106 0.967323716686421 0.888559080539306 10.245656235590893
20.587459618749975 9.393917999284273 12.319875979781889 34.021227035602188 16.996291112974394 5.105630798995295 0.974377199486916 0.224670494479562 0.010594433932152 0.135702174851195 -0.549659100701125 -0.824293511291389 0.179371103750547 -0.804610490813250 0.566063569939429 1.233590900055795 12.276971057098327
23.123851396777628 10.924597063001304 8.510166844186232 16.944860152785107 9.214601789344989 6.712527366998981 0.692988295654066 -0.622633405430596 0.363448572054386 0.718803566663175 0.635566394093892 -0.281738870677773 0.055575665886908 -0.456489869701822 -0.887991184765277 0.873481115547691 11.297309067709149
20.772204304884099 8.935104794181461 9.747007745121875 29.018000004958729 11.736814028498943 7.547909723665644 0.951828931139048 0.306479095794530 0.009604670096635 0.129022687224595 -0.428726694477302 0.894173678668697 -0.278163318983727 0.849861156474123 0.447617227872681 1.177971479499319 11.578805201776811
24.773804995718525 8.595983806440426 9.392546896023152 19.545740096428478 12.680219971306094 4.478724957363363 0.794126726347110 -0.535404367361123 0.287584606527987 0.409329915571687 0.820958323638267 0.398091008523330 0.449234641049972 0.198417726677034 -0.871101970506909 0.890357476777105 14.119720326721524
23.943635543322689 10.079102754128282 10.509375308017198 14.140389942061091 9.489631181145549 8.428373028343179 0.130187464382072 -0.822593041266045 0.553526794815251 0.910966529990629 0.319622237320792 0.260732826178223 0.391396481019693 -0.470300238008370 -0.790965537033486 0.895924609633949 11.635564011038218
24.604943795479564 9.568625624503712 9.245659652991176 18.500263289654082 6.346940520989807 9.213234425465517 0.905260815658921 0.394400863371533 0.157958268553235 0.412330743090525 -0.725980187311056 -0.550396335320485 0.102402216455319 -0.563383285697752 0.819825017586951 0.882750820307044 12.478685770168882
22.655079104448099 9.033000655854726 9.572416822074265 22.763106946968250 8.795404678706605 5.626434409247621 0.981247527330303 0.187733430803978 0.043697243239531 0.146394091016779 -0.873321948990372 0.464626240678493 -0.125387639835581 0.449516331594555 0.884428067966093 0.894733129844291 10.873759452027352
20.547434795336645 9.522199251988681 10.210996430755648 22.510757239750834 9.104851172323842 5.855302344336524 0.951828931139048 0.306479095794530 0.009604670096635 0.129022687224595 -0.428726694477302 0.894173678668697 -0.278163318983727 0.849861156474123 0.447617227872681 0.913813150659175 8.982275586843384
20.739603306067909 8.921034329645117 10.550343950968259 35.074420591854420 11.533535951966988 6.543882586109745 0.973873504769291 0.227090888136773 -0.000353883637393 0.018451349517939 -0.077574770932753 0.996815781684709 -0.226340328729424 0.970779008549311 0.079738147399306 1.189550277323324 12.955801639591805
24.103890791592278 10.153387395186474 10.867039684022860 14.206477435396472 9.533982570322852 8.467764448850041 0.130187464382072 -0.822593041266045 0.553526794815251 0.910966529990629 0.319622237320792 0.260732826178223 0.391396481019693 -0.470300238008370 -0.790965537033486 0.900111864151737 11.689944778625508
26.278801369086601 10.478467542350213 8.531536348646364 16.363776879445449 10.471780453318711 6.106329571020454 0.967940201006001 0.240459973265328 0.072600058772011 0.158345380507829 -0.808517987291123 0.566767504977608 -0.194983352490136 0.537101168760551 0.820672789099138 0.873001016489575 8.563027816577204
22.630379818119373 9.311627860145217 8.964441834468820 22.557684097114080 8.716031634467527 5.575659346179215 0.981247527330303 0.187733430803978 0.043697243239531 0.146394091016779 -0.873321948990372 0.464626240678493 -0.125387639835581 0.449516331594555 0.884428067966093 0.886658721117057 10.775630551589108
23.376894935745256 8.614395519296146 10.066792224596176 31.019973119729741 4.431019002273174 17.856368412263787 0.917332290133470 -0.275444292878356 -0.287457668186513 0.028283008724851 -0.675121900165495 0.737163815806502 0.397116533143553 0.684354339094650 0.611520725459383 1.159932452222916 16.763330785383758
25.801652973908375 8.173088077901117 10.553769086516988 26.382582125244635 12.878009287196193 7.166152168573340 0.475658100307363 0.822690659541301 -0.311334948753733 0.622997557850287 -0.564944785767304 -0.541028124913034 0.620985840840650 -0.063383497361968 0.781254835337098 1.156832984059438 17.723428802608431
26.976504387591199 11.401813053042913 12.254604897392216 17.334698574814063 8.535006679073327 8.288418607101002 0.923807243766792 -0.366650001028077 0.110217753153083 -0.348487683053158 -0.686062484485040 0.638650610382904 0.158544981390911 0.628399589535453 0.761562502193635 0.920415497001161 8.138859283811659
23.640150328375299 11.253961496093414 8.726653364091847 16.744703381112735 9.615670590321699 6.499006510411398 0.839353568776919 -0.470077780115523 0.272969718509420 0.516391108379360 0.846380643612084 -0.130307441481794 0.169781653214317 -0.250333151541014 -0.953156599657872 0.873014209806470 11.122842547930485
33.370371105140386 72.173848898564657 35.968230530268201 9.382446529094812 4.219135687699346 66.527678158528872 0.854571866030602 -0.519208660306931 -0.011370701440835 -0.511693510014431 -0.845540531539056 0.152417063788027 0.088750648437553 0.124433020484652 0.988250851664181 1.187500941050553 3.088988161050894
34.256484516681709 70.633719026524986 49.766390364837129 7.591850323171888 4.730580995631655 28.300263032508692 0.939062924149776 -0.342559630095128 0.028525853472956 -0.328213853507339 -0.918203359380395 -0.221761712629616 -0.102159144735724 -0.198885622033485 0.974683547873472 0.864577987506619 2.249784424256991
33.225685161339797 73.175776728308790 40.105000207208207 40.506519867374301 2.829012333780548 10.081654323347887 -0.246327918599039 0.816913748816744 0.521511729027103 -0.185382399546325 0.488443006270336 -0.852676254837698 0.951291712597724 0.306717062811592 -0.031124281889202 0.902299053658782 2.514713065782892
30.603307811876999 73.348768110575577 44.019893634447016 37.253040318714739 4.525417297830083 6.478017909325594 0.173775491782565 -0.823629502396539 0.539848609554344 0.230549804133437 -0.498929493512685 -0.835413758755032 -0.957417811757104 -0.269636427964039 -0.103185902356050 0.885538559145795 2.205681248847660
30.913858803250740 71.723858206276901 27.295150015142664 8.956844869951059 3.428964550628137 66.113551498008889 0.885615269151258 -0.463640952558560 0.026882376322345 -0.461960704457394 -0.873500651796345 0.153586844646894 0.047727377713146 0.148437456263411 0.987769415903669 1.088903737303630 2.781747701224628
31.670816498880374 69.264469882913659 59.436211856492925 84.451228257679972 10.292360965185479 2.891195576697580 0.042280463155429 0.909772687121636 0.412947963069004 0.132880675857474 0.404525193572513 -0.904821581168786 0.990229815961438 -0.093129079951420 0.103787696999108 1.169103049739491 2.187049006862977
36.321041646360264 72.632768969865907 59.229420264803849 64.730968418829235 7.888985232515251 2.216070665033229 0.042280463155429 0.909772687121636 0.412947963069004 0.132880675857474 0.404525193572513 -0.904821581168786 0.990229815961438 -0.093129079951420 0.103787696999108 0.896105055572852 1.676349807035576
36.396629177932972 68.468500096870557 49.060446582753855 8.651937871514876 4.010503985745984 30.523479762198480 0.964716027169061 0.262014569252405 0.025910469363192 0.263132226286543 -0.962882716369774 -0.060152356610965 -0.009187949315907 -0.064847821982253 0.997852865692897 0.876534011760140 2.512285549831824
34.684478670410911 71.426991686098773 37.319966290486192 58.896372253126977 5.282574391337360 9.826780054885099 -0.034931527219516 0.946081191486939 -0.322040630232841 0.039263686838462 0.323287677087638 0.945485822600810 -0.998618120855997 -0.020382761293123 0.048439567918224 1.248058984024400 3.122186650827602
34.639941135847280 71.092004700416098 38.449899069091657 40.293531359467543 3.400937986430336 9.435150787318312 -0.093652110319505 0.856184447974953 0.508111674023073 -0.005931581188403 0.509865810742645 -0.860233498173810 0.995587313387082 0.083576588118751 0.042671481590403 0.936801562513259 2.320793064504411
33.530350804478232 68.044958210723607 43.764255311556298 10.432801722847589 6.627771995194154 41.370548541090017 0.905502388917289 -0.424256834069847 0.008459456845015 -0.402814920629633 -0.865665555426019 -0.297259627038561 -0.133437488672506 -0.265761706974485 0.954759211384097 1.220693337592341 2.775827366734966
32.733907977904664 68.764864276164914 53.263858966870302 11.048518076013771 3.301281813083560 62.578242968555351 0.897260582468292 0.440958293815074 0.021891328519755 0.436632488397705 -0.893617609388387 0.103921308048984 -0.065387439346470 0.083686028144986 0.994344573811829 1.132200411493430 2.592538585645606
34.195527923872334 73.288507612086619 35.648464482783623 7.490830812648321 2.867727830979437 55.292397700933115 0.885615269151258 -0.463640952558560 0.026882376322345 -0.461960704457394 -0.873500651796345 0.153586844646894 0.047727377713146 0.148437456263411 0.987769415903669 0.910677117426341 2.326444378115141
33.958935733754380 68.630874097355900 44.074618362411101 10.393214640038000 6.602623030823228 41.213568721624291 0.905502388917289 -0.424256834069847 0.008459456845015 -0.402814920629633 -0.865665555426019 -0.297259627038561 -0.133437488672506 -0.265761706974485 0.954759211384097 1.216061438173171 2.765294538569411
31.869288010864842 70.056603626389318 33.256673393426240 61.556845139534957 4.806392053859748 7.812028257892935 -0.117676016641357 0.849248632620193 -0.514712652943520 -0.006030370924051 0.517693205178877 0.855545077677465 -0.993033730410978 -0.103781045014756 0.055798789966304 1.136945797627393 2.652361407232879
32.629586611818922 71.025339577203880 46.764332949465000 30.745892952455701 10.048109181539557 7.452873233428604 0.112420858925969 -0.993247970275275 0.028635991730563 -0.172487533405437 0.008874365454134 0.984971723684236 0.978575291583665 0.115670718774597 0.170325228665962 1.135494513729644 2.818975311543752
30.348127327827413 68.056231225118466 43.960067126616451 51.608128857832291 6.192948878973733 7.839076181532493 0.065027092086190 0.941179060888175 -0.331592298825630 0.357595223706203 0.288247962055696 0.888278542098845 -0.931609968429560 0.176337992833053 0.317817210053648 1.167921019017045 3.086539503003820
34.129263328952668 70.296392045020184 44.393917012645367 7.813122211176902 4.963536541949498 30.982391909844274 0.905502388917289 -0.424256834069847 0.008459456845015 -0.402814920629633 -0.865665555426019 -0.297259627038561 -0.133437488672506 -0.265761706974485 0.954759211384097 0.914176889616492 2.078816316995052
31.376747031466746 71.679548424919176 63.831447748639420 63.643210956596313 7.756416498171744 2.178831188139752 0.042280463155429 0.909772687121636 0.412947963069004 0.132880675857474 0.404525193572513 -0.904821581168786 0.990229815961438 -0.093129079951420 0.103787696999108 0.881046653312637 1.648179951764490
32.179173601267053 67.659948946369724 51.170162880958529 59.629326646658328 10.736387397623353 3.586471861622506 0.063931211627657 0.956845396636466 -0.283477842371188 -0.016959109312515 0.285059604720820 0.958359749972700 -0.997810196776494 0.056461568274484 -0.034451451592638 1.134440734170421 3.093733939121833
31.675617834424056 73.046802084249123 39.317583946753686 33.305693831338388 3.963379703916193 8.148599929036330 -0.178493036625557 0.842748193757890 0.507854031975725 -0.153960158132839 0.485863416341979 -0.860367950570111 0.971821231288913 0.231758975183949 -0.043026408608982 0.881067193905695 2.039880391970802
31.820150224354357 69.824923902947901 31.735614613409858 60.858292475808369 4.751848680746209 7.723376652433160 -0.117676016641357 0.849248632620193 -0.514712652943520 -0.006030370924051 0.517693205178877 0.855545077677465 -0.993033730410978 -0.103781045014756 0.055798789966304 1.124043633560260 2.622262169333532
30.959480121752229 68.079580034425049 51.266359221065073 58.594386832211057 10.550044277450739 3.524224260790409 0.063931211627657 0.956845396636466 -0.283477842371188 -0.016959109312515 0.285059604720820 0.958359749972700 -0.997810196776494 0.056461568274484 -0.034451451592638 1.114751129257038 3.040038406923778
36.431247122312861 69.114359147402652 35.621799552555657 50.439372222733439 3.616579255555596 6.798435962302850 -0.120403920364288 0.971486462601923 -0.204247274013910 0.065087773802099 0.213026731997077 0.974875988603747 -0.990588954946701 -0.104084890526189 0.088881144804475 0.923872840698143 2.286744790073855
30.820833248533948 70.155690569878630 49.494208069257610 35.174117115247014 9.702167527799757 6.136404561338769 0.124550651366256 -0.979992489486715 -0.155247723957136 -0.221507372441702 -0.179980157392394 0.958405773615217 0.967171969816234 0.084981547965655 0.239492207195029 1.100158595601554 2.789399423181114
30.252965365377129 68.221337642132212 48.443629764015469 11.015682411358593 5.106189951030049 38.862618310854529 0.964716027169061 0.262014569252405 0.025910469363192 0.263132226286543 -0.962882716369774 -0.060152356610965 -0.009187949315907 -0.064847821982253 0.997852865692897 1.116006661131184 3.198652157998819
34.637544285882093 70.563612520949917 51.880297923523017 8.390208838749269 2.506982715398634 47.521715007919397 0.897260582468292 0.440958293815074 0.021891328519755 0.436632488397705 -0.893617609388387 0.103921308048984 -0.065387439346470 0.083686028144986 0.994344573811829 0.859789325083410 1.968765404231501
31.842294592025976 71.523684235037607 43.187276529430214 37.799324863135972 4.591778741237405 6.573012600552734 0.173775491782565 -0.823629502396539 0.539848609554344 0.230549804133437 -0.498929493512685 -0.835413758755032 -0.957417811757104 -0.269636427964039 -0.103185902356050 0.898524238279945 2.238025711631276
31.571313136373373 71.212065497855619 29.657571582155352 9.058703391002307 3.467959225978146 66.865404262549347 0.885615269151258 -0.463640952558560 0.026882376322345 -0.461960704457394 -0.873500651796345 0.153586844646894 0.047727377713146 0.148437456263411 0.987769415903669 1.101286906361411 2.813382133985101
33.031082828599054 69.189935928391620 33.104502222497992 62.789446655840798 4.902634252759298 7.968454693560259 -0.117676016641357 0.849248632620193 -0.514712652943520 -0.006030370924051 0.517693205178877 0.855545077677465 -0.993033730410978 -0.103781045014756 0.055798789966304 1.159711764774287 2.705471742646197
89.646006088746518 18.625048706581982 79.356381597167115 5.481040551982110 16.131123806604762 28.134713703759157 0.664889519177907 0.713817895059885 0.219968043087278 0.743907476369149 -0.606306009447215 -0.281059939355074 0.067257667885937 -0.350509679752884 0.934140979997171 1.165136184674579 48.664571039985539
87.776596847775579 20.625231451027187 78.397942344393257 2.757693329280890 21.922110547237690 17.050819324450366 0.651693518887510 0.731767594705146 0.199528806891288 0.714949125371029 -0.504813702010775 -0.483746704788132 0.253265286944768 -0.457907538266867 0.852160419655339 0.868649361758064 28.674940511499504
88.895616660571548 20.052165079260973 79.260437003608686 2.776020334159400 18.129592692433384 21.497154002720677 0.604611784721670 0.709532264116489 0.361951040823763 0.759632835758275 -0.376954674569147 -0.529965214102124 0.239588281461174 -0.595373109485302 0.766895244403226 0.882776024016542 37.709829360828728
91.543014595406731 18.707143090276553 80.267050869349177 7.701197590415926 16.639910244897916 18.329782011367922 0.245745679979372 0.929191902838649 0.276064246997991 0.691560166127859 -0.367626716978106 0.621767748913618 -0.679230150535652 -0.038118298269873 0.732934784234126 1.143077014801417 40.443132291729107
89.960717181772509 18.831906502258803 80.523276660531749 3.902696560474157 27.487818454187632 23.308288478325355 0.391251420284422 0.837797466413400 0.380811937045979 0.380311897451063 -0.524005537274139 0.762089927477862 -0.838024574092308 0.153341456160194 0.523642254826782 1.167145835387433 55.533762164940789
89.828453668777755 20.771790551213666 80.823504153963725 17.863928017171560 12.654449942884213 4.992161560014934 0.634841626104338 0.717842118444138 -0.285795036263459 0.202518676297348 -0.511558193785224 -0.835041555925194 0.745628792037948 -0.472240306791818 0.470134871207401 0.895274603177423 26.519046745183577
92.163235949280690 21.336527949436391 79.630818162057551 15.312542598756369 12.595633199079536 11.074291658050340 0.390785787006245 0.875008168892353 0.285739694557061 0.470116499875591 0.077158933902731 -0.879225213164248 0.791376614020552 -0.477919661962810 0.381203163012481 1.107425197005171 18.573554081732095
89.760620822424073 21.099659595887115 80.655263730722595 17.775316775283901 12.591679508309783 4.967398717536419 0.634841626104338 0.717842118444138 -0.285795036263459 0.202518676297348 -0.511558193785224 -0.835041555925194 0.745628792037948 -0.472240306791818 0.470134871207401 0.890833732483039 26.387503130391309
90.640131526097591 18.383043955689164 79.975673875601061 7.795720546055223 16.844145168032181 18.554758081855287 0.245745679979372 0.929191902838649 0.276064246997991 0.691560166127859 -0.367626716978106 0.621767748913618 -0.679230150535652 -0.038118298269873 0.732934784234126 1.157106912969052 40.939523191279953
89.261969090794310 20.279924599043238 79.901849610357047 19.665975529448549 4.717944873392638 11.846362764362498 0.776283503247921 -0.622739177359231 -0.097876654862553 -0.199577474659427 -0.390066655431135 0.898897566983766 0.597957150800709 0.678265376753610 0.427087022167125 0.887437489586263 32.234520423268016
90.910178908092590 20.317218215191303 80.786327962108970 15.510033973093119 11.497549182829115 13.049352163720428 0.249560728570997 0.770774473211342 0.586196344411061 -0.880453531142913 -0.071406125373420 0.468724593719095 -0.403138961467492 0.633093892487468 -0.660810941981123 1.139520919117426 26.479017170795110
89.533580903264053 19.055553744081749 79.589950306797448 3.624770073247070 21.630152851555525 14.564232650636551 0.816919505893738 0.574584135213582 0.049955905068296 0.400116150184175 -0.626983410913114 0.668430152522724 -0.415390884892924 0.526065465508446 0.742095370385273 0.898798895323957 47.137238732985473
89.982979586138555 20.379151735555080 82.259308950690851 7.243510592153847 16.684530435956418 20.850445239459468 0.245003433617839 0.913837911960609 -0.323841918501826 0.721566605041339 0.051223051816626 0.690447560247487 -0.647545328146675 0.402835536697131 0.646845096116024 1.170162340833174 33.992799898779374
89.957742848339350 19.044054999507225 79.654018224300614 7.202483704316236 16.835383724833012 20.086110180899205 0.840151934463545 0.507033284075235 -0.192514871781495 0.539149113059873 -0.742289434873246 0.397900274895997 -0.058846927735575 0.438090908049277 0.897002450041606 1.156965365466757 48.573969974015334
89.536404025353903 20.481481473773464 78.459202985555379 17.361971941652236 9.251536405604625 6.646193612238752 0.942786466077154 -0.308882822300319 0.125479406555583 -0.237738639969868 -0.358985340003313 0.902557402455924 0.233739210332861 0.880750207351946 0.411879902158961 0.878851052160585 21.459140964630784
90.063261994200332 20.156506537965374 80.232181036200274 3.798578366905421 19.097484288697654 32.831634470502081 0.642223832236319 -0.685687023416863 -0.342610354813481 0.217676032087522 0.591715520382725 -0.776202221069247 -0.734959654921499 -0.423917502417537 -0.529271439605188 1.148373676034616 60.553928384449335
89.402683931034630 19.762078270263991 78.575939091017474 3.807556074286218 21.573546739271080 13.253711973928111 0.677981432343199 0.648010368199768 -0.347021238692196 0.689998001869632 -0.723802652754706 -0.003532319516371 0.253463872798039 0.237049114258737 0.937850618497086 0.884616642261518 35.143658412266049
89.506680116637810 19.457138523983282 80.416050046261432 4.838300651019870 12.803683794886522 18.565377086626189 0.440836786407779 -0.804022117430405 0.399012985292949 0.530952510694271 -0.124836933516746 -0.838155815715423 -0.723707371205457 -0.581346862649885 -0.371864849306873 0.900942689394481 38.735531483397494
88.843817568178082 20.781198101709993 81.494484544491371 4.775331648787574 14.561387578506528 16.234768320430600 0.303544679046769 -0.682056397410791 -0.665326760752495 0.848703279596362 0.510931458757891 -0.136571547746643 -0.433085870266825 0.523209437226191 -0.733954027015779 0.895373236228330 26.271240692876887
87.930014974986463 20.426258730778102 80.676908035030252 20.928247749463996 10.242200847144627 5.098398840661632 0.592644209409005 0.699054513963056 -0.400119516597043 -0.018251833467735 -0.484973593190975 -0.874338312372562 0.805257543664784 -0.525474452676161 0.274657765147187 0.885740760840866 23.778143178827680
89.362562974447769 19.602728185671204 79.867119422413040 3.614293683721299 23.182478593991860 13.409933236716743 -0.810710708894833 -0.585446470867360 -0.000759099592136 -0.383003739204417 0.529391854330404 0.757002245917442 0.442782432170330 -0.614000565404927 0.653411832953581 0.893970697997948 47.032376056683525
89.702209120598269 19.690987030952879 78.323996193670027 3.814082238654768 21.610523873497392 13.276428882398459 0.677981432343199 0.648010368199768 -0.347021238692196 0.689998001869632 -0.723802652754706 -0.003532319516371 0.253463872798039 0.237049114258737 0.937850618497086 0.886132878266430 35.203894765148554
91.152331564783125 21.079618592036820 79.186635740795793 6.929407986845472 14.694248142033317 21.572606186408869 0.528188071145177 0.737593209662811 -0.420682324990307 -0.822952043310090 0.322603569047067 -0.467628989317218 0.209206347684972 -0.593197432814242 -0.777399195903178 1.117811780896876 21.959690160099338
88.533575672197486 20.521064876452758 79.424212030186936 3.327049352317363 15.569995556884660 20.555171903712399 0.459672490802651 0.671868471655317 0.580770142134420 0.869376414000545 -0.206894862971032 -0.448752901334075 0.181344566995647 -0.711187227438560 0.679210479563894 0.878097872663347 28.675873335865997
90.141953163320778 19.680671582854906 80.691538751070183 3.768517368649634 16.372205058529413 39.386860795852577 0.483164259380876 0.875275130619414 -0.021112654406725 0.318643920220623 -0.153333251934169 0.935390274675617 -0.815486572889684 0.458674568262141 0.352986246001422 1.156102476909304 60.871983406573584
90.694749143656011 19.274402621536417 78.616636044604945 20.727884330766106 13.377953072335618 8.322498446256382 0.376444628808001 -0.819745456498191 -0.431632746663386 -0.667645564473594 -0.563052631663471 0.487053522947505 0.642291866428607 -0.104829006135762 0.759257556954322 1.136369143374316 28.107026551457484
88.417061602664916 20.610379379107204 78.811140742215969 3.233254951462609 16.935342224196834 19.130033509218482 0.469968541675989 -0.658885387084635 0.587366679784676 0.872467400319047 0.447698098578161 -0.195875082412292 0.133903716212309 -0.604513406977736 -0.785260043277833 0.873312875491264 27.680210715820181
89.493183645701308 19.403685961549492 79.947432703730456 3.619491581814853 21.598654418772941 14.543023808224559 0.816919505893738 0.574584135213582 0.049955905068296 0.400116150184175 -0.626983410913114 0.668430152522724 -0.415390884892924 0.526065465508446 0.742095370385273 0.897490039266225 47.068596169246923
88.063720194153490 20.188778596793828 80.523891023834210 5.773085783405651 12.620383695070803 15.058575871493261 0.420946877846002 0.906256745240074 0.038761291755703 0.774787620779994 -0.381445255651090 0.504186135893632 -0.471707397353253 0.182203810739904 0.862724696895874 0.886900297192121 25.423074172004469
90.088422087044663 19.689113828301529 80.097400166268784 3.994861105102367 16.762540042374372 35.846981362219651 0.502588128355886 0.856805388451180 0.115280959211621 0.358565949385305 -0.327924929931963 0.874011270104987 -0.786661066264972 0.397931861818252 0.472032414324182 1.151378222675303 61.546644925208888
61.995231728200650 82.924771086318259 18.854006800854624 35.760830911418431 20.850268498773193 5.935249460053048 0.976502886481618 0.203645663947667 0.070502171940893 0.116183923057736 -0.773021926459902 0.623649258185349 -0.181503192026981 0.600804081849928 0.778518494652812 1.411798513060771 6.782108931959016
61.950466613439630 79.415388346898894 22.024421621469305 3.488069370369122 19.510887276405736 16.926293270399519 -0.160533983806723 -0.981111210066982 0.107933468044187 -0.685316537544470 0.032097211189170 -0.727537636416108 -0.710330967515286 0.190763105748414 0.677524430610452 0.901421629991435 4.636254904184481
62.468708886745944 76.963418456058079 22.826384116269978 23.499702725795984 8.501668873746373 5.263828234826566 0.915007756461997 0.400947930521346 0.044738826817784 0.279878982102387 -0.710729534518414 0.645392348994447 -0.290565932262737 0.578017547980931 0.762539935501347 0.874465603026291 3.839815656144826
70.322464306796604 81.525514021099369 22.834703162932030 55.026434694527644 2.720467750009520 15.544518545028676 0.993979140184245 0.102415582965097 0.038942486367815 0.097970664590463 -0.671582274013370 -0.734424263018818 0.049063405490152 -0.733817618756152 0.677572494014300 1.139508023132250 3.963862993187979
56.539750761078047 80.428183686195453 25.297419555562701 34.479207992191249 15.711015836642057 4.371222362962794 0.964700177039137 0.231811917246808 -0.124967209471189 0.156423420181745 -0.122633575721192 0.980047304840169 -0.211861468982215 0.964999606802093 0.154565445143810 1.146150000941523 6.596275701742908
63.044219172377254 81.811084632808843 21.436981652864773 3.655635799375669 20.448187932014715 17.739430343799594 -0.160533983806723 -0.981111210066982 0.107933468044187 -0.685316537544470 0.032097211189170 -0.727537636416108 -0.710330967515286 0.190763105748414 0.677524430610452 0.944725815639251 4.858980026814732
63.449090822673945 79.060790033189761 24.946714172717460 28.602524611475630 10.557333631576128 3.528472316830248 0.994039943413798 -0.090587083150679 -0.060651226402644 0.011166238846724 0.638027459506231 -0.769932643824148 -0.108443100324136 -0.764666555619034 -0.635236296750912 0.878284232874136 3.686786319212509
57.594864407696065 78.414906631418120 26.445159025916901 27.166152314594445 7.439278751014279 5.261389841534137 0.952822429824565 0.277315458427309 -0.123391870641721 0.128765287952709 -0.001175177958500 0.991674401996553 -0.274861633993665 0.960778203059384 0.036828340776024 0.877687254763513 4.562264607237285
59.320251496608392 80.146132911367289 24.700049113448873 34.555330326105519 9.776805277937944 3.304778272401472 0.985045421267384 -0.148797184554846 -0.086861475400275 -0.009038287416369 0.458823716158795 -0.888481348622926 -0.172057628138774 -0.875979563322561 -0.450617329050354 0.892081960158447 5.240773530428037
62.914768398766469 80.553362620876527 22.402684380931760 3.532577386364770 19.759847601095508 17.142273989712521 -0.160533983806723 -0.981111210066982 0.107933468044187 -0.685316537544470 0.032097211189170 -0.727537636416108 -0.710330967515286 0.190763105748414 0.677524430610452 0.912923834812045 4.695413850158514
53.467365741323420 79.823303539132823 25.479483690872570 27.080630011216680 15.073376707835061 5.205656049170869 0.977985181315316 0.207984436734585 0.016954621902193 -0.013090253419842 0.142235868532475 -0.989746231600917 0.208263367861593 -0.967735207471037 -0.141827140660512 1.105524162098785 5.240763434599179
56.599108980015750 79.311063227444023 23.996475129542862 23.445940015408144 6.871978747487086 14.516505655148398 0.985289457206143 0.160103251068230 0.059763153496183 0.160934095270183 -0.986921085828171 -0.009326699700980 -0.057488281397105 -0.018807427924305 0.998169012821416 1.141450698861951 6.033023900975387
53.328707642986231 81.037432838319191 20.986187619056345 25.027180788562426 18.200640563742731 5.363243160612466 0.944773001639312 0.327685235626199 0.005134367151478 0.067188601434406 -0.209002663003041 0.975604212114178 -0.320764192532041 0.921379548942910 0.219476785968421 1.158142521691154 5.560208785328881
59.202132809268669 81.611602886735326 22.800069535702423 37.758116411826606 6.781225379117025 4.910416232220470 0.978884670243664 0.203207064750587 -0.022174110972109 0.101348435120384 -0.388263387408590 0.915958534376233 -0.177519849765039 0.898865079326958 0.400659795969024 0.928108846392200 5.540765382551245
54.365870956216284 79.424470446424124 21.907381912788125 24.534311560472325 17.842208835407718 5.257622893633029 0.944773001639312 0.327685235626199 0.005134367151478 0.067188601434406 -0.209002663003041 0.975604212114178 -0.320764192532041 0.921379548942910 0.219476785968421 1.135334806531119 5.450709603811111
60.471757946585370 79.571003586511779 22.936938971710301 29.258020775346051 3.538796915733217 10.884963542194017 0.990584695521916 -0.135010635865994 0.022673535251758 -0.056250307708294 -0.552386168546383 -0.831688297189139 -0.124811313110931 -0.822582305305497 0.554779674391391 0.894875251838625 5.171753745282356
59.691867989521761 78.923940454617636 22.839541185879387 32.265421031878439 4.010368161689161 8.604365078641495 0.999847440075750 -0.015999807453140 0.007007334402792 -0.007301319929218 -0.018390441269209 0.999804222034102 0.015867807071594 0.999702854768049 0.018504455337903 0.891251170352923 5.204993117000164
55.935035057229612 78.667771216471039 23.410497700947783 27.843440744732874 15.183796102467968 5.376758705218007 0.978182813747094 0.201244414832877 -0.051566155454829 0.046825944308204 0.028247527279028 0.998503584441371 -0.202399885942319 0.979133679688935 -0.018207785953896 1.130649289307162 6.123992990275633
54.213223704045731 79.764232819540652 22.533014162894364 24.442417232450769 17.775380068384493 5.237930239057811 0.944773001639312 0.327685235626199 0.005134367151478 0.067188601434406 -0.209002663003041 0.975604212114178 -0.320764192532041 0.921379548942910 0.219476785968421 1.131082360772919 5.430293734588603
71.283617486491039 81.410503775456974 21.946227301372122 55.128509084158246 2.725514235151317 15.573353726726232 0.993979140184245 0.102415582965097 0.038942486367815 0.097970664590463 -0.671582274013370 -0.734424263018818 0.049063405490152 -0.733817618756152 0.677572494014300 1.141621817830854 3.971215984488526
63.735941671023156 81.156282897334663 21.222112610296975 25.540271040925774 14.658176098475883 3.483789320965203 0.966415655124896 -0.256968236560727 0.002847266827655 -0.176717517508163 -0.656480075214236 0.733351777697759 0.186578939152494 0.709225800606254 0.679843410808069 0.939519395475455 3.936785068866086
54.080596799033415 80.906659161781434 19.023610034854268 30.946066039482137 15.273904561672230 5.686931348808972 0.957815711203714 0.276550211361094 -0.078160373383568 0.162315973733094 -0.296150444670657 0.941248340658537 -0.237155198219229 0.914229125940268 0.328546065628690 1.195632776603936 5.434274445298000
51.220547082811407 78.977165137726615 23.674304297872123 23.841707714831539 18.298879990479513 4.736990507935348 0.530084864281656 -0.844608358531593 0.075144909062866 -0.234427097355044 -0.060807360850153 0.970230076266515 0.814895068512006 0.531920281212333 0.230232147515949 1.095321059086927 5.060726421708285
68.297753980949366 79.322030090787820 24.597794227990612 52.035783316853497 2.851876251173407 14.705619309808387 0.988936662751459 0.102643099953193 0.107091881569077 0.147804747092053 -0.743017461468711 -0.652747124612317 -0.012571149631622 -0.661354251505645 0.749968346140254 1.115386389710583 3.743402196478898
56.560811944856589 79.340666879188419 21.184530834974982 33.653660877485216 10.528917702858138 7.117269614534752 0.923981186543460 -0.361784087750326 -0.123980001469613 -0.070652633216236 -0.480083246853931 0.874373079131442 0.375854988437499 0.799144761567547 0.469148886523026 1.170477665494589 6.103017379572078
58.598222524077457 80.234326918994199 22.454655952874646 32.798220873700636 4.736212590348394 7.749633104105837 0.986220964852247 0.155793761377865 -0.055646315256616 0.161159017901672 -0.828790415863641 0.535849062256846 -0.037362808176985 0.537433484710722 0.842478053172200 0.914760736344767 5.465062962580947
62.892607488644394 78.857338314708898 23.522855366113312 34.523426643423427 8.612870911696334 3.648926010236377 0.982400039911047 -0.186488005397097 -0.010601199261721 -0.142994971983968 -0.787371987740179 0.599664732087342 0.120177367129084 0.587594738544425 0.800181119287896 0.883613359871456 4.375551511891966
52.811042630992105 78.969033002169283 25.040451035997570 23.827345202353268 18.287856539670315 4.734136891655279 0.530084864281656 -0.844608358531593 0.075144909062866 -0.234427097355044 -0.060807360850153 0.970230076266515 0.814895068512006 0.531920281212333 0.230232147515949 1.094661225380088 5.057677783278090
56.738532000324902 77.243968194467314 22.220640197065009 25.185302352065420 7.095198019328885 13.084669199790472 0.957122083628595 0.218437841207509 -0.190268827081737 0.176089368331742 -0.960245251763522 -0.216613921127285 0.230021415070390 -0.173821649958263 0.957536517640347 1.141330585654111 6.582377584737598
57.610129979797570 80.927652025348436 22.282747263117543 35.832035103082184 8.620010641474309 8.706949921614193 0.965500630975874 0.222916689049577 0.134598221861822 0.033576471749383 0.406001275265314 -0.913255487269473 0.258226939202812 -0.886268082594716 -0.384509731533331 1.195827173320374 7.091009097523652
50.238945748926142 94.258359969793034 63.399769774466073 26.138172904034803 3.345277629273502 11.355592944286943 0.829799335926285 0.517277573195177 -0.209420568153189 0.464548706676334 -0.848214062121695 -0.254415809147856 0.309237063143540 -0.113828015393052 0.944148093092412 0.857878360392622 0.087711999499687
86.728940546246477 94.020968935476731 75.076486188635201 17.360454441501691 7.386585403174577 7.858867314987609 0.071234274201838 0.900972821090394 0.427987913188391 0.482285077239462 -0.406698773094353 0.775884793146299 -0.873113270115089 -0.151142593665599 0.463496638530391 0.862134252336526 0.040339226447744
69.957506022475130 96.796556660422709 99.440078964767935 8.338164532596396 15.889931832764615 14.556742047499506 -0.484279123358898 0.708345491478575 0.513537141189138 0.514005673052723 0.705328045748769 -0.488170580791019 0.708005578190140 -0.027550182979415 0.705669248776965 1.070382180219826 0.053804195031411
45.182168266975964 7.086977818420836 29.279403144051884 56.131366035292423 6.157420093441366 6.283554474614203 0.869141309668468 0.395401595518803 0.297070634847950 0.095268352558382 0.455567712146935 -0.885088696487544 0.485301272230550 -0.797568578813379 -0.358283459374023 1.113584652705185 0.253234869256637
15.235470568773046 41.748637479601179 13.128932847325602 101.061516029915921 16.464504436550609 2.192414434629547 0.155004280478450 -0.712606232454155 0.684226592950648 0.869600155091736 0.427076891727665 0.247792047525063 0.468795523973710 -0.556594723312870 -0.685881236572691 1.323749121992752 0.523270930486758
60.411780402088198 38.280805915785407 89.538588428821001 34.066530372972693 9.109354613270055 5.067859399376156 0.770922633111884 -0.627546249682461 0.108921982470560 -0.626320156466990 -0.777996890696300 -0.049435813638036 -0.115764223139123 0.030108845483792 0.992820276819842 1.000000000000000 0.076422650207176
