# xi_x xi_y xi_z eigen_value_1 eigen_value_2 eigen_value_3 eigen_vector_1_x eigen_vector_2_x eigen_vector_3_x eigen_vector_1_y eigen_vector_2_y eigen_vector_3_y eigen_vector_1_z eigen_vector_2_z eigen_vector_3_z local_bandwidth scaling_factor
33.820261729838322 26.463554651667430 25.598374593828812 25.944432201221822 4.655205163530076 9.012503187866677 0.996693296958104 0.080677258470979 0.009677384170968 0.080811925317625 -0.971767128357994 -0.221671109911322 0.008479653604026 -0.221720157424772 0.975073467625025 1.051427365049306 3.014764699664954
36.204465996007286 23.538628713412351 27.792650564430705 26.172659306356802 4.696155915122621 9.091784071588993 0.996693296958104 0.080677258470979 0.009677384170968 0.080811925317625 -0.971767128357994 -0.221671109911322 0.008479653604026 -0.221720157424772 0.975073467625025 1.060676525791147 3.041284879976908
29.750442087627945 24.845651815771451 24.773668183042989 15.094304452222216 6.937644230468199 9.836278345067125 0.997171891839967 -0.069912296408320 -0.027576963850592 -0.068784113542170 -0.701138998024103 -0.709699127217988 -0.030281410940039 -0.709588878337782 0.703964956436617 1.032258450479496 5.128087457464172
27.052992509691862 27.174646116199394 25.215395378578172 22.835153534918341 4.865995557418245 8.609589445978081 0.941392783433278 -0.337197914416719 -0.008786000953829 -0.331335311942054 -0.919516249167069 -0.211439775297807 -0.063218180612917 -0.201958990962869 0.977351537374988 1.007138416809156 5.308187085496256
28.805188625734967 25.663730344114782 25.181946587617624 14.829639110697524 6.815998745878589 9.663807862855149 0.997171891839967 -0.069912296408320 -0.027576963850592 -0.068784113542170 -0.701138998024103 -0.709699127217988 -0.030281410940039 -0.709588878337782 0.703964956436617 1.014158707215228 5.038170957992848
26.668371636871335 24.693216840320346 27.234169321094356 18.074816419549293 9.057777013565190 5.284021433782097 0.721592549585342 -0.650382039257450 0.237291793777718 -0.560790285576380 -0.750087942432121 -0.350545766229046 -0.405978383643867 -0.119880280402027 0.905985800321752 0.973919729090633 6.220844260016802
26.565338508254506 21.182389790422324 23.722828977188929 29.029463981157672 2.846117166096491 14.628024032077462 0.975573089548743 -0.219403037955483 -0.010929496064578 -0.123543021243560 -0.589112209634285 0.798551141982668 0.181643246090611 0.777694741782221 0.601827732622842 1.088751966237177 7.439484905129194
28.268092977201803 23.890204441270203 26.292633616408068 24.668479305195010 7.387562931130519 5.089284641660928 0.993726390366711 -0.091948831703171 0.063665323663426 -0.025453228516942 0.368382016033774 0.929326004920209 0.108903600706364 0.925116264375086 -0.363730536444048 0.996789002458863 6.591804458500803
36.348773119938038 25.068424943077208 22.825216061038759 24.675439372842639 4.427509990965258 8.571684062497313 0.996693296958104 0.080677258470979 0.009677384170968 0.080811925317625 -0.971767128357994 -0.221671109911322 0.008479653604026 -0.221720157424772 0.975073467625025 1.000000000000000 2.867306672699717
24.064080749870833 27.197203845747104 27.292039530072138 13.927789384043804 6.643976828553359 9.350146871140337 -0.706390752693779 0.700191703165318 0.103651740589181 0.197539870576382 0.054395991496043 0.978784488864545 -0.679698539090222 -0.711879663235025 0.176740603798347 0.973971041228989 4.920590733580873
25.774737128484581 23.672450664295742 25.565484862790655 20.670346854304295 14.853982415104317 3.160472870010113 0.663657820463455 -0.724082821355114 0.187782760540243 0.441122372077320 0.581571201419157 0.683510051522841 0.604126932184433 0.370781614293774 -0.705373407714757 1.011930561276014 7.184302998187205
15.096017658880365 25.233796240394831 24.479749991533083 53.969789054806441 6.386368011770383 2.716976850657907 0.966192543102396 -0.176662899584049 -0.187782292998784 -0.051578809575159 0.581171259469632 -0.812145056975225 -0.252609572376295 -0.794374085099103 -0.552411275108345 1.000000000000000 4.415648301017050
31.151453403638605 24.420811315654724 26.797977241444723 27.964701878098321 3.756602518400863 8.920698696903058 0.903196671392783 0.405030594744631 -0.142077408850983 0.414173785811938 -0.909284290778426 0.040769519126221 0.112675853363556 0.095667632271249 0.989015599575865 1.000240810666909 4.500357982654887
23.488486247123323 22.876577908327150 23.432047601641028 28.831152836612556 9.494940300465014 4.428865871781880 0.940708142171830 -0.299557652461929 -0.159164707467208 -0.325453146350138 -0.929320276640658 -0.174482299833904 0.095647481840453 -0.215937574951722 0.971711131428240 1.089896835611614 6.347536280339600
16.468649046874937 24.237892231170928 27.917089609696202 39.370525529645242 3.995855631247402 7.326175166310833 0.988135368647741 0.151350776023394 0.026104325781557 0.130636475835302 -0.917633840793926 0.375342837165064 -0.080762642408021 0.367479355647230 0.926518385551183 1.071657233748393 3.205028467779839
22.809628491944068 26.162619256004501 23.126633985229741 18.246210245584795 9.333384364045797 7.013351687572207 0.664797268988338 0.689421792501352 -0.287649410167779 0.526393901358822 -0.705550644524387 -0.474455212452622 0.530050989771632 -0.163999634254004 0.831955568649352 1.084465185699544 5.452505923737666
16.930510762210243 23.660965169094681 24.681879081265382 53.969789054806441 6.386368011770383 2.716976850657907 0.966192543102396 -0.176662899584049 -0.187782292998784 -0.051578809575159 0.581171259469632 -0.812145056975225 -0.252609572376295 -0.794374085099103 -0.552411275108345 1.000000000000000 4.415648301017050
26.934512489296310 23.234543102402004 24.236168160094849 20.549109188085151 13.599885658520812 3.854994740912455 0.994438166001219 -0.104432807464456 -0.013657332287950 -0.101843247659703 -0.920420736933445 -0.377430284859360 -0.026845612420953 -0.376721987343432 0.925937285859987 1.047821122720505 6.639511189230344
24.859088858306727 25.099466447420891 25.640505540555864 13.565747186497267 8.893715018259412 7.882657915976520 -0.320067880190849 0.931339148483241 -0.173677697395629 0.862626646045637 0.210696116575368 -0.459872173535336 0.391703742134526 0.297009321339534 0.870835025383820 1.005162635128253 5.373070140903966
26.512359488698905 24.457575439542367 24.051467230312479 16.650781601945273 9.134725469850784 7.005711851956450 0.818199029453301 -0.504294000257286 -0.276112132124216 -0.417819756255051 -0.851444631854067 0.316967963948825 0.394939235180104 0.143977776727516 0.907355167684604 1.043992226816280 6.490104848990282
21.637697761120243 23.784062698190258 24.462342618106113 34.223303826888404 3.918650810045486 8.485543678142697 0.978741464508352 0.196761832143574 0.057878554435570 0.151405290856629 -0.502786703279555 -0.851047571470535 0.138353111828635 -0.841718665836027 0.521888976728339 1.067126382958978 5.057180356289240
16.368586988341615 24.399197366723055 25.265313965575931 53.969789054806441 6.386368011770383 2.716976850657907 0.966192543102396 -0.176662899584049 -0.187782292998784 -0.051578809575159 0.581171259469632 -0.812145056975225 -0.252609572376295 -0.794374085099103 -0.552411275108345 1.000000000000000 4.415648301017050
16.849008265169779 23.643272496615513 25.692020881771274 53.969789054806441 6.386368011770383 2.716976850657907 0.966192543102396 -0.176662899584049 -0.187782292998784 -0.051578809575159 0.581171259469632 -0.812145056975225 -0.252609572376295 -0.794374085099103 -0.552411275108345 1.000000000000000 4.415648301017050
25.259726978980694 25.192874438399461 26.090244683552076 13.419390236024984 8.797763281097627 7.797614183527572 -0.320067880190849 0.931339148483241 -0.173677697395629 0.862626646045637 0.210696116575368 -0.459872173535336 0.391703742134526 0.297009321339534 0.870835025383820 0.994318224128726 5.315101630236222
30.697003422716502 25.601641082769394 23.153504714513673 26.704695592516003 4.740382531288355 9.467526746628446 0.963636261721933 0.217904025514902 0.154670587892399 0.224072414149726 -0.343562671362792 -0.912006712729230 0.145590893642746 -0.913500151346711 0.379895729349309 1.085714539934318 4.966375726463072
21.575949545298435 24.134417859284220 23.697854544279959 34.950749172204645 4.001945056156456 8.665911105038891 0.978741464508352 0.196761832143574 0.057878554435570 0.151405290856629 -0.502786703279555 -0.851047571470535 0.138353111828635 -0.841718665836027 0.521888976728339 1.089809059186683 5.164675013415738
23.442237339363135 23.257694605644510 25.083986776050121 26.160067447455809 5.414998198001839 7.368543585678210 0.966956871953091 -0.252672114398139 -0.033929491423664 -0.036236613592591 -0.267955360631764 0.962749620900493 0.252351571459415 0.929707872029852 0.268257259114621 1.036834431543224 6.702917340384738
29.504132434770938 22.702779876066558 25.696327761711444 21.869951104442226 8.816667139546878 5.208277779402800 0.851659309837199 0.516400008717394 -0.089484361562798 0.375643272276381 -0.720522770764342 -0.582871399884715 0.365470316114892 -0.462793655754646 0.807622114749300 1.023572475096826 5.845018796353910
32.441260968978000 26.762686595062057 27.835015568707838 27.576097477248162 4.448777494365703 7.352535450038794 0.948538372040893 0.263759592636590 -0.175230802252893 -0.095467477063368 -0.289429859078574 -0.952426541785198 0.301928663079821 -0.920141964028343 0.249354864490139 0.987582394798563 3.336995635662005
24.100375820938247 26.576773104723088 23.398851372434784 27.791516424803373 4.276482746656685 9.485843060215821 0.852020891100608 0.416285237329026 0.317438186597079 0.467958587699319 -0.333797176716587 -0.818287360903549 0.234680977768938 -0.845745851895208 0.479206419693500 1.063803548591932 6.277132204163789
65.440447953424368 67.585156577113906 56.936461060536409 61.804434794179393 6.991841828204139 2.167102063064352 -0.070629948038454 0.868521057207619 0.490594112915193 -0.250869507492492 -0.491480596254997 0.833973209231152 -0.965440780499021 0.064171619052291 -0.252598698843933 1.000000000000000 1.858698895031652
66.494220327128644 65.753623175256124 84.532780729674258 43.693619758861622 8.754200497177692 2.634137963569311 0.065509923380551 0.971251801231009 -0.228863252935448 0.126207203307314 0.219449290005345 0.967426354276901 -0.989838467514787 0.092260217437803 0.108202867366390 1.024693883629508 1.592014321909425
65.268386399615821 68.776656280964872 65.210000414416413 83.355775778905397 1.145901682739800 8.179918611301387 -0.109636308527883 0.788721471232609 0.604895297278006 -0.126744900591284 0.592502754058663 -0.795535176222274 0.985857804161677 0.163886934346725 -0.035006609717992 0.941413624446622 1.743969247859309
62.149836597412687 68.982378863590696 73.039787268894031 39.772154805431335 3.178969575688648 5.749222592306292 -0.068224955063572 0.876580672084801 0.476394459281310 -0.313867425307677 0.434402738000687 -0.844263880873886 0.947012457593512 0.207124567699886 -0.245493011342140 0.919026438879221 1.251902889966546
62.519146045925488 67.050024444160314 39.590300030285327 86.658639061069891 1.844709413593128 4.556241281678504 -0.243799696302727 0.916152466281053 -0.318160913076766 -0.018931896173016 0.323501601985362 0.946038211078283 -0.969640805344944 -0.236667217924342 0.061525088947192 0.919641683430490 1.669615959792725
63.419325523324318 64.125302351462139 103.872423712985849 88.043214818308471 5.845141852764380 1.449570346615470 0.033206754965487 0.923438839131754 -0.382306188555275 -0.106214136761087 0.383611546262128 0.917366196633861 -0.993788643815555 -0.010143567290578 -0.110820753768697 0.927000314069708 0.827629399086957
68.949406355071972 68.130907591122920 103.458840529607698 87.478564227686746 5.807655002627862 1.440273767043117 0.033206754965487 0.923438839131754 -0.382306188555275 -0.106214136761087 0.383611546262128 0.917366196633861 -0.993788643815555 -0.010143567290578 -0.110820753768697 0.921055150936738 0.822321534875334
69.039295585423730 63.178729418572487 83.120893165507709 43.135785093733006 8.642435975726674 2.600508031397984 0.065509923380551 0.971251801231009 -0.228863252935448 0.126207203307314 0.219449290005345 0.967426354276901 -0.989838467514787 0.092260217437803 0.108202867366390 1.011611658522308 1.571689139856679
67.003194019922972 66.696988666158390 59.639932580972392 64.068484622225185 7.247970346191326 2.246488389783104 -0.070629948038454 0.868521057207619 0.490594112915193 -0.250869507492492 -0.491480596254997 0.833973209231152 -0.965440780499021 0.064171619052291 -0.252598698843933 1.036632481723771 1.926787648333893
66.950229666935229 66.298619759351240 61.899798138183314 59.040388246673878 4.880832052031966 3.111011719643451 -0.075016098044581 0.859961524101885 -0.504815572361362 0.162657686370874 -0.488909152354268 -0.857035773937533 0.983826743943587 0.146403612689699 0.103203294970482 0.985563713808636 1.446798045746149
65.630696950132929 62.675050394064868 72.528510623112595 39.677219871314009 3.171381471179214 5.735499371356948 -0.068224955063572 0.876580672084801 0.476394459281310 -0.313867425307677 0.434402738000687 -0.844263880873886 0.947012457593512 0.207124567699886 -0.245493011342140 0.916832750484566 1.248914635521654
64.683561474078772 63.531167809221273 91.527717933740604 60.495558856801310 6.694858077761753 2.312201782390984 0.044151638052523 0.973918936901646 -0.222559064523661 0.039690200354151 0.220890406916309 0.974490695762763 -0.998236104763360 0.051858774346446 0.028902364438885 1.000000000000000 1.242870464699357
66.421730313253406 68.910716650034018 56.296928965567247 61.804434794179393 6.991841828204139 2.167102063064352 -0.070629948038454 0.868521057207619 0.490594112915193 -0.250869507492492 -0.491480596254997 0.833973209231152 -0.965440780499021 0.064171619052291 -0.252598698843933 1.000000000000000 1.858698895031652
66.140373197411066 63.371825735241110 73.149236724822202 30.888405985235739 5.600309380307574 4.120219656508624 -0.081577483745251 0.940866862135648 0.328807940720437 0.281805341583713 -0.294670948846293 0.913101736588488 -0.955997313594908 -0.167148376124468 0.241102792929226 0.913017486653512 1.022307459460504
63.655349257501591 65.067313435237139 51.513346786852480 94.230873417798776 2.005900174850608 4.954365775029467 -0.243799696302727 0.916152466281053 -0.318160913076766 -0.018931896173016 0.323501601985362 0.946038211078283 -0.969640805344944 -0.236667217924342 0.061525088947192 1.000000000000000 1.815507050055241
64.559501763282796 66.219341120504737 78.528665898930001 28.137087850300649 6.773999569718283 3.983810011155716 -0.089060368482922 0.919918348957313 0.381861862480843 0.007061885773691 -0.382792517567778 0.923807349106643 -0.996001195046977 -0.084971287772838 -0.027595284365633 0.932489843110048 1.043721874772398
61.846374150171080 62.688456342990754 72.920134253232902 40.325280829228163 3.223180677897564 5.829179151058573 -0.068224955063572 0.876580672084801 0.476394459281310 -0.313867425307677 0.434402738000687 -0.844263880873886 0.947012457593512 0.207124567699886 -0.245493011342140 0.931807678477333 1.269313565125952
66.342927985502172 65.352471528768206 73.787834025290735 30.680017152728368 5.562526856534732 4.092422567714072 -0.081577483745251 0.940866862135648 0.328807940720437 0.281805341583713 -0.294670948846293 0.913101736588488 -0.955997313594908 -0.167148376124468 0.241102792929226 0.906857808222923 1.015410455515322
63.069616020370965 66.997330936905499 112.662895497278839 87.997633042219476 5.842115703075378 1.448819874349083 0.033206754965487 0.923438839131754 -0.382306188555275 -0.106214136761087 0.383611546262128 0.917366196633861 -0.993788643815555 -0.010143567290578 -0.110820753768697 0.926520387015277 0.827200918391066
64.023867406444722 62.217194637553263 87.340325761917057 42.640656352994931 8.543234849972904 2.570658423605580 0.065509923380551 0.971251801231009 -0.228863252935448 0.126207203307314 0.219449290005345 0.967426354276901 -0.989838467514787 0.092260217437803 0.108202867366390 1.000000000000000 1.553648701669268
63.425035305714374 68.623278716594172 63.635167893507372 90.547359162580136 0.774399317713309 12.075986434964692 -0.218667731961796 0.833536982667380 0.507346549731488 -0.017003930026171 0.516595313404112 -0.856060832261687 0.975651212966165 0.195819765842644 0.098789320996669 0.966995060490101 1.931874307316051
63.596914252167835 64.791798259718732 48.471229226819716 96.690414709551476 2.058256627977224 5.083680794153864 -0.243799696302727 0.916152466281053 -0.318160913076766 -0.018931896173016 0.323501601985362 0.946038211078283 -0.969640805344944 -0.236667217924342 0.061525088947192 1.026101225665686 1.862894009266378
62.573399242483262 62.716222913144989 87.532718442130147 42.640656352994931 8.543234849972904 2.570658423605580 0.065509923380551 0.971251801231009 -0.228863252935448 0.126207203307314 0.219449290005345 0.967426354276901 -0.989838467514787 0.092260217437803 0.108202867366390 1.000000000000000 1.553648701669268
69.080463491187061 63.946789596754151 56.243599105111315 61.804434794179393 6.991841828204139 2.167102063064352 -0.070629948038454 0.868521057207619 0.490594112915193 -0.250869507492492 -0.491480596254997 0.833973209231152 -0.965440780499021 0.064171619052291 -0.252598698843933 1.000000000000000 1.858698895031652
62.408519394379205 65.185148333438505 83.988416138515220 43.977445535604502 8.811066185339644 2.651248842862078 0.065509923380551 0.971251801231009 -0.228863252935448 0.126207203307314 0.219449290005345 0.967426354276901 -0.989838467514787 0.092260217437803 0.108202867366390 1.031350108017642 1.602355756288070
61.733206867347583 62.884802068836109 81.887259528030938 41.837240828969122 9.077748230423573 2.514638768623251 0.079976274454065 0.936099793640757 0.342521491107025 -0.021605386269542 0.345169383435929 -0.938291694529268 0.996562593522651 -0.067640764958656 -0.047830158971259 1.006565540981183 1.347494744983918
66.947379315903035 65.670252020018268 88.760595847046034 42.640656352994931 8.543234849972904 2.570658423605580 0.065509923380551 0.971251801231009 -0.228863252935448 0.126207203307314 0.219449290005345 0.967426354276901 -0.989838467514787 0.092260217437803 0.108202867366390 1.000000000000000 1.553648701669268
63.623248491760165 66.811976133324194 71.374553058860428 36.323816711335532 2.865667557824195 6.775489174488682 -0.066548167076514 0.870178739698195 0.488221571047427 -0.227070966344060 0.463259181809058 -0.856638609165602 0.971601830845502 0.167868673214699 -0.166763277884567 0.909820628777682 1.251978422208668
63.300995416664293 66.441396913899212 44.315143164310705 89.647603450923853 1.908335738753538 4.713391718035143 -0.243799696302727 0.916152466281053 -0.318160913076766 -0.018931896173016 0.323501601985362 0.946038211078283 -0.969640805344944 -0.236667217924342 0.061525088947192 0.951361270455876 1.727203093662154
65.036963920924407 64.036666042435243 51.209004444995990 94.230873417798776 2.005900174850608 4.954365775029467 -0.243799696302727 0.916152466281053 -0.318160913076766 -0.018931896173016 0.323501601985362 0.946038211078283 -0.969640805344944 -0.236667217924342 0.061525088947192 1.000000000000000 1.815507050055241
19.232562447783053 55.073102343998528 46.738046755147217 1.488197577548070 15.247420491026357 41.269920193245795 0.669540669622341 0.739191238993793 -0.072880751344154 0.617704123189643 -0.499623436543396 0.607303908970692 -0.412500797473388 0.451633406482945 0.791119686414407 1.000000000000000 0.105326144951039
61.489945020193758 30.808736538630768 81.819417165597855 1.740075107983772 35.838838588994847 15.177932542683733 0.995543931283396 -0.087215016234546 -0.035858357854315 -0.087046071411306 -0.996184687993797 0.006248908589415 0.036266545695145 0.003099733844858 0.999337345100959 1.003570715766102 0.337816286428968
127.536174977333189 4.392756233735458 70.367552680428844 19.231575168540587 9.857828067712159 4.939630956691587 -0.456729865502984 0.758706927679526 0.464501483150184 -0.080433928294711 -0.555223711098961 0.827802521023329 -0.885961744736593 -0.340720455101527 -0.314613029511972 1.000000000000000 0.009879286674465
6.791237546950295 103.281847396777962 50.349850963203465 15.992763221761241 8.295775188089390 7.058462600371134 -0.439076610029767 0.788092797078918 -0.431417980289528 0.855716372441363 0.513154499572082 0.066497740598616 -0.273790468169663 0.339973826582656 0.899698047557170 1.000000000000000 0.013268957804490
78.294516456653980 15.241172975322971 8.899880291657244 102.542925864330925 0.323997498764826 28.186635356108173 0.906098780586495 -0.380088308108463 -0.185789875555459 -0.421628072255501 -0.775105418958709 -0.470575560550008 -0.034853529315944 -0.504722168663206 0.862577975579097 1.000000000000000 0.170292273288526
65.529286307077498 43.676101745242676 140.171270966714161 0.659275837130246 25.355906068515875 56.020155057315293 0.995212774671250 -0.096462917502162 0.015698365460217 -0.092833026478568 -0.983269065315923 -0.156728983878477 -0.030554252175122 -0.154521360140666 0.987516879316145 1.000000000000000 0.174366451145998
111.278666878149266 108.529497275340304 134.113757058079017 27.469305661734374 7.851651259394158 4.209912467642924 0.669882538194193 0.648628393720687 -0.361301248104441 0.676299097146227 -0.733877779499237 -0.063584085717019 0.306393401074019 0.201753839161965 0.930278706711974 0.989761105339646 0.015304325267102
-1.235298152066939 76.111757537197079 81.438551377701870 30.581341645902000 4.105528642170222 7.458731587578650 0.851895270050641 -0.443626320581088 -0.278334576639395 -0.085745254808692 -0.642441630664630 0.761522489797094 0.516645139474996 0.624871537899317 0.585331838344886 1.000000000000000 0.028431784101851
143.719502460292802 33.204341920770560 24.736748686048728 23.245023126239268 8.802028607333252 5.551935803906153 0.352976913010986 0.913885455496565 -0.200550923989571 0.934747595934514 -0.335129101428439 0.118048368351338 -0.040672235934121 0.229132842708337 0.972545068167289 1.066486915316061 0.010885418870511
1.548500473807138 -12.289111117406756 138.372337270711427 19.153718788132288 4.503133039459944 10.857321922294839 -0.631004075252217 -0.770289499824206 0.092130035686901 -0.723184922259052 0.541079498488825 -0.429227846874186 -0.280780029974111 0.337471573285301 0.898485120629207 1.000000000000000 0.011190401760057
95.536230187500152 114.550230483817728 31.485467449401597 99.830113038996913 4.787187009916253 2.508049758860090 0.807240313741914 0.573278507522150 -0.140409503535312 0.573546346462923 -0.705761994846655 0.415866078310197 -0.139311393392249 0.416235221291094 0.898521327642179 1.085748325785760 0.057711538139556
81.757677420743903 -4.447381090038114 65.128553329212778 25.301312254867508 3.132503311220395 11.815606375121241 -0.825799226797450 0.526793807865625 -0.201355211045475 0.275310948336949 0.688163130953979 0.671293815643662 -0.492198657806523 -0.498918619806930 0.713316684273826 1.000000000000000 0.019613429162595
146.286698057833718 129.623365477237485 40.796227053079527 5.775788831829055 13.779310452839479 11.766622160285628 -0.500373605973929 -0.619067934584360 0.605294264646628 0.766462308793059 -0.641881539723358 -0.022882704429007 -0.402693163145664 -0.452485338250673 -0.795672819080753 1.000000000000000 0.010041072320444
143.659075499347267 23.230768367748745 141.637605698587436 3.588567638572972 17.601566564924141 11.560077378865239 0.440893713239045 0.828088546466360 0.346239935359162 0.555854884184300 -0.554790393422201 0.619058129011240 -0.704725536187490 0.080479678041535 0.704900659715669 0.920409021317597 0.012476589180897
140.327321276572263 116.868426913144617 89.023909583020540 1.859367737964059 20.178782974833290 24.959181489581297 0.614190622690975 -0.782723416471731 -0.100568048133055 -0.786275067850517 -0.617840145162430 0.006713620657490 0.067389885555155 -0.074950706017277 0.994907530875294 1.000000000000000 0.013575799272324
129.257514493116247 33.348346943786460 125.075686626631494 21.008754839385244 4.222077211864727 10.557573541551506 0.801605164771545 -0.505708846950530 0.318885123402692 -0.591023968103694 -0.589917825249588 0.550170544994697 0.090110093433251 0.629488301375619 0.771767224940713 1.000000000000000 0.014192127174700
86.949654166391426 -12.815918469781584 42.293530458816228 32.530213906042341 11.594300599694348 2.482899406797311 0.790756437154875 0.495863141770860 -0.358920606445576 -0.280540191882725 -0.227573175463275 -0.932473940948467 0.544060160126187 -0.838051427087081 0.040845412481392 1.000000000000000 0.024478616999103
9.443242056447229 147.001849320011786 63.931100661598038 22.275420026012686 7.585758394087033 5.541989409077288 0.587457424909291 -0.807585756332641 -0.051952094159730 -0.682079652365888 -0.528664289283709 0.505253814497803 0.435501000856913 0.261379638466327 0.861405573959119 1.000000000000000 0.014830329996079
67.069575307279351 90.512965205789399 45.816460011386894 0.818325168852995 28.231172702018856 40.535522192252692 0.985066442840829 -0.168590238070530 -0.034949031692417 -0.132595787131590 -0.613346263693725 -0.778604339859406 -0.109829233011388 -0.771611101812480 0.626541177526154 1.000000000000000 0.588535742324220
7.588544828123823 120.649425977050498 16.324905463955062 17.074505407117751 8.988535814368545 6.101737414799075 0.679809085492351 -0.689033663617452 -0.251181642808476 -0.727517745145699 -0.676832295343722 -0.112320855044223 0.092614997598502 -0.259095840147347 0.961400961013754 1.000000000000000 0.013578387594979
69.367632120165240 22.012309780831977 1.144339941515618 164.576697179218058 4.911291855508322 0.920099585432376 0.892329038139210 -0.348112525357577 -0.287343970500033 -0.137660672511231 0.396381571620990 -0.907706554412289 -0.429881875562705 -0.849528880832456 -0.305781382190359 0.926053562764917 0.419431220176146
127.261600374577739 145.531715688816490 143.537718580395023 21.004504685296961 4.560685513526914 9.775703681226762 0.643147458105037 0.735536476805303 0.212949379951834 0.647174516374162 -0.670766473589357 0.362267143506513 -0.409300003040434 0.095175780518681 0.907422216123102 1.000000000000000 0.009332535453633
134.581657371494515 112.717809895275394 39.968950084725918 23.227813230201640 10.530690129412459 4.520421436134932 0.831900836207152 0.501571653156307 0.237417091777091 0.551577295727201 -0.794302451984949 -0.254648977239191 -0.060856269653255 -0.342796574546403 0.937436410069047 1.056942013941698 0.014781083076556
-1.618270651980534 52.194793283278216 23.318633458205554 39.115661329022686 13.021596604790444 1.838551016147089 -0.295775195112175 -0.770073168130508 0.565247158048404 0.892241927585156 -0.011352173262818 0.451414965216415 0.341205768731247 -0.637854563272580 -0.690449259176129 1.000000000000000 0.215466136466709
6.860459735067192 -6.184515005173832 104.723070094745495 4.427094341536119 11.095750050617514 19.064049534567499 0.476816446413241 -0.867211178817352 0.143495114077334 -0.875573341930448 -0.482991191461656 -0.009530575596331 -0.077571897814840 0.121096161395266 0.989605133558197 1.000000000000000 0.010724741130254
-13.114469326869880 112.145823502958081 9.246196491061884 17.373207050065705 8.914032273567063 5.517319876069610 0.228671804900875 -0.893462441404870 -0.386567033568857 -0.969197626686018 -0.171635485891267 -0.176627348983837 -0.091461281805832 -0.415049546176982 0.905189874086490 0.969908102076167 0.012398664717300
-1.878856373185302 -0.215499350630111 95.887888213395883 2.843643263321266 10.434611900407269 31.560159247947976 0.815946522887095 -0.562844636928030 -0.132049939302578 -0.567995414742810 -0.737880297552426 -0.364573552681878 -0.107761220388427 -0.372476282688304 0.921764036082500 1.000000000000000 0.018084521703906
25.485589625719385 54.389012002216248 76.965850568446285 47.577051590923055 10.139863573634354 2.329171918748026 0.975696027328000 -0.206834678079554 0.072364896186514 -0.002442364010081 0.319954350645024 0.947429811839042 0.219114803503552 0.924580245001508 -0.311673023276882 1.062625403583390 0.078265472941625
126.990943681750963 104.962303347369158 29.604104364387915 22.454756195130702 9.925152431600717 4.201893785685908 0.836060431558224 0.524868835688810 0.159736220392713 0.548173475785058 -0.787193363375749 -0.282546366288622 0.022556489718144 -0.323788996075915 0.945860397094490 1.000000000000000 0.013994804395567
6.694661883036055 -5.863237130502339 34.763774689355508 108.815767964405850 9.286355247917671 0.926730538958797 0.391960924313235 0.889888762197203 0.233376572788798 0.870796186488656 -0.440704415540538 0.217930309319029 -0.296783819316905 -0.117803264123721 0.947650650584627 1.000000000000000 0.946909666213062
