# xi_x xi_y xi_z eigen_value_1 eigen_value_2 eigen_value_3 eigen_vector_1_x eigen_vector_2_x eigen_vector_3_x eigen_vector_1_y eigen_vector_2_y eigen_vector_3_y eigen_vector_1_z eigen_vector_2_z eigen_vector_3_z local_bandwidth scaling_factor
27.528104691935329 11.163922174421966 10.475869799309928 14.862292504481426 7.110706014709262 11.947608128187547 0.999232256265244 -0.031174343607389 0.023728850366558 -0.024264408793387 -0.967966486108392 -0.249904222126957 -0.030759331998232 -0.249136593200638 0.967979762920384 0.929422415782006 7.548218752019790
28.481786398402917 8.837814191916198 12.220913249566523 20.742685257925501 7.719992034570270 14.362433190446135 0.952901033816703 0.281855796064306 0.111968432944357 0.280536558113093 -0.959443652068178 0.027696896362890 -0.115233932993358 -0.005018837617814 0.993325702856746 1.135071607605754 9.576342903378173
25.900176835051180 9.877251407044689 9.820004930985428 14.995431987539385 9.503042195020406 8.699047695332021 0.759828546165654 0.646350243155294 -0.069942430647505 0.606858070340593 -0.666554956648026 0.432929292414410 -0.233203479592998 0.371397163345442 0.898710344974774 0.923742858187679 12.139086088908272
24.821197003876744 11.729432401640329 10.171297639694917 14.069059911013564 7.408261906243435 11.831645740631224 -0.989945415456358 0.102103058699753 -0.097893001900514 0.125833550155906 0.951782120378235 -0.279779757994518 -0.064606439865545 0.289284912728723 0.955060336939732 0.922137106336571 9.736021006493692
25.522075450293986 10.527845314468969 10.144696795331345 15.002078923574803 9.507254552067849 8.702903670514861 0.759828546165654 0.646350243155294 -0.069942430647505 0.606858070340593 -0.666554956648026 0.432929292414410 -0.233203479592998 0.371397163345442 0.898710344974774 0.924152320195619 12.144466909469390
24.667348654748533 9.756024333028105 11.776769464175697 17.733371595708817 10.377830214724122 7.158531389804419 0.331544814720238 -0.921185326597330 -0.203704761588658 -0.883266267293530 -0.227200090952488 -0.410147314671858 -0.331539947658616 -0.315907759849217 0.888978936968459 0.942671940009081 13.467423143414878
24.626135403301802 6.963966346480627 8.984303269928880 23.681396465138743 15.363210342725262 5.426372235094532 0.794126726347110 -0.535404367361123 0.287584606527987 0.409329915571687 0.820958323638267 0.398091008523330 0.449234641049972 0.198417726677034 -0.871101970506909 1.078746995469972 17.107292606181222
25.307237190880720 9.117412077226520 11.027993678149631 13.617984487573182 10.119106772592550 9.396776457138960 0.588534628758088 0.755979405447530 0.286569588916511 0.698405729451884 -0.653953323912155 0.290816930753740 -0.407254745609380 -0.028986008408243 0.912854524825942 0.937269776888839 13.361334690825105
28.539509247975214 10.054416354346856 8.270457991951417 15.387524327109796 7.753604790684141 10.251708682045606 0.886203917155726 0.393291214670902 -0.244876780607174 0.232266099699412 -0.834486605107677 -0.499684465264118 0.400867903614483 -0.385945755720349 0.830873514738061 0.919622383364930 7.369308792152052
23.625632299948332 11.747371903657065 11.822791947443358 17.993408730464683 6.773491879590870 10.705302448854255 -0.668813730303936 -0.739353583925392 0.077746203081645 -0.158144063800068 0.039307205423517 -0.986633365889576 -0.726414929115401 0.672169042383292 0.143213579034232 0.939640319450967 10.218301312203144
24.309894851393832 8.944238872320259 10.449713558938260 22.630073716748143 9.109840982342140 6.193422686047642 0.823625633942803 0.538982466249471 -0.176461656424147 0.248020514304239 -0.622126468304517 -0.742593079633260 0.510026116582844 -0.567852585193187 0.646078015330066 0.932887209191266 15.701876474590573
20.038407063552146 10.185931306481793 9.586260396625450 19.331615406023136 6.203496530053176 10.794846424906668 0.928868985963008 0.367347313445592 0.047522186611728 0.307229835166862 -0.835736621476198 0.455141876679013 -0.206911177318667 0.408166939900645 0.889149882681625 0.937188669642734 7.972551037141741
26.460581361455443 9.539388192907104 11.429878671110318 24.083628836790183 6.129653779297798 8.873666116706778 0.872768533591502 0.411280996292363 0.262912587871521 0.206158021655443 0.177644097606406 -0.962258512403356 0.442463509093860 -0.894030489790123 -0.070253302029015 0.940893124128067 10.799746231606687
23.395394498849328 8.311304565675275 8.753053353485013 18.679923480404053 11.463941708547624 5.798339320592724 0.800558234700559 -0.543046942314127 -0.253390077344005 -0.559426044382965 -0.828833038088167 0.008848493632689 0.214823215037745 -0.134669274212106 0.967323716686421 0.924253008653158 10.657230125455882
20.587459618749975 9.393917999284273 12.319875979781889 31.721928907312300 15.847610017403193 4.760570718487788 0.974377199486916 0.224670494479562 0.010594433932152 0.135702174851195 -0.549659100701125 -0.824293511291389 0.179371103750547 -0.804610490813250 0.566063569939429 1.150219619983930 11.447241531378543
23.123851396777628 10.924597063001304 8.510166844186232 17.726383831365862 9.639593758717012 7.022119717312286 0.692988295654066 -0.622633405430596 0.363448572054386 0.718803566663175 0.635566394093892 -0.281738870677773 0.055575665886908 -0.456489869701822 -0.887991184765277 0.913767442400701 11.818358781961795
20.772204304884099 8.935104794181461 9.747007745121875 27.476150374299721 11.113187232308228 7.146857210822143 0.951828931139048 0.306479095794530 0.009604670096635 0.129022687224595 -0.428726694477302 0.894173678668697 -0.278163318983727 0.849861156474123 0.447617227872681 1.115380849880376 10.963574085890761
24.773804995718525 8.595983806440426 9.392546896023152 20.317205947529640 13.180705327401723 4.655499197890162 0.794126726347110 -0.535404367361123 0.287584606527987 0.409329915571687 0.820958323638267 0.398091008523330 0.449234641049972 0.198417726677034 -0.871101970506909 0.925499680920689 14.677022429656731
23.943635543322689 10.079102754128282 10.509375308017198 14.667999862679343 9.843710776877751 8.742854682855246 0.130187464382072 -0.822593041266045 0.553526794815251 0.910966529990629 0.319622237320792 0.260732826178223 0.391396481019693 -0.470300238008370 -0.790965537033486 0.929353582533971 12.069713212677394
24.604943795479564 9.568625624503712 9.245659652991176 19.285542761456764 6.616348692206114 9.604307987498002 0.905260815658921 0.394400863371533 0.157958268553235 0.412330743090525 -0.725980187311056 -0.550396335320485 0.102402216455319 -0.563383285697752 0.819825017586951 0.920220886924515 13.008367732904508
22.655079104448099 9.033000655854726 9.572416822074265 23.622926533268391 9.127629151833508 5.838958934892329 0.981247527330303 0.187733430803978 0.043697243239531 0.146394091016779 -0.873321948990372 0.464626240678493 -0.125387639835581 0.449516331594555 0.884428067966093 0.928529442067575 11.284488592620994
20.547434795336645 9.522199251988681 10.210996430755648 23.197310551022245 9.382539108558790 6.033882619099595 0.951828931139048 0.306479095794530 0.009604670096635 0.129022687224595 -0.428726694477302 0.894173678668697 -0.278163318983727 0.849861156474123 0.447617227872681 0.941683445637993 9.256225102677972
20.739603306067909 8.921034329645117 10.550343950968259 33.102660856707239 10.885161398368735 6.176008677514985 0.973873504769291 0.227090888136773 -0.000353883637393 0.018451349517939 -0.077574770932753 0.996815781684709 -0.226340328729424 0.970779008549311 0.079738147399306 1.122677972658539 12.227472344953830
24.103890791592278 10.153387395186474 10.867039684022860 14.713666581660959 9.874357762014952 8.770074310046196 0.130187464382072 -0.822593041266045 0.553526794815251 0.910966529990629 0.319622237320792 0.260732826178223 0.391396481019693 -0.470300238008370 -0.790965537033486 0.932246991948033 12.107290537918203
26.278801369086601 10.478467542350213 8.531536348646364 17.121637560860634 10.956763274121586 6.389133909146829 0.967940201006001 0.240459973265328 0.072600058772011 0.158345380507829 -0.808517987291123 0.566767504977608 -0.194983352490136 0.537101168760551 0.820672789099138 0.913432583731487 8.959609983631800
22.630379818119373 9.311627860145217 8.964441834468820 23.480590454704231 9.072632115872267 5.803777243220075 0.981247527330303 0.187733430803978 0.043697243239531 0.146394091016779 -0.873321948990372 0.464626240678493 -0.125387639835581 0.449516331594555 0.884428067966093 0.922934739843482 11.216495753011825
23.376894935745256 8.614395519296146 10.066792224596176 29.523228698536059 4.217217947505743 16.994780953735788 0.917332290133470 -0.275444292878356 -0.287457668186513 0.028283008724851 -0.675121900165495 0.737163815806502 0.397116533143553 0.684354339094650 0.611520725459383 1.103964562756180 15.954483474755721
25.801652973908375 8.173088077901117 10.553769086516988 25.132001545201419 12.267569101784114 6.826464010185042 0.475658100307363 0.822690659541301 -0.311334948753733 0.622997557850287 -0.564944785767304 -0.541028124913034 0.620985840840650 -0.063383497361968 0.781254835337098 1.101997075377328 16.883307249414738
26.976504387591199 11.401813053042913 12.254604897392216 17.820572564718837 8.774234245167289 8.520734560058166 0.923807243766792 -0.366650001028077 0.110217753153083 -0.348487683053158 -0.686062484485040 0.638650610382904 0.158544981390911 0.628399589535453 0.761562502193635 0.946213808288090 8.366983240881474
23.640150328375299 11.253961496093414 8.726653364091847 17.520117772175976 10.060953446981268 6.799962762731218 0.839353568776919 -0.470077780115523 0.272969718509420 0.516391108379360 0.846380643612084 -0.130307441481794 0.169781653214317 -0.250333151541014 -0.953156599657872 0.913441786603693 11.637919583629083
33.370371105140386 72.173848898564657 35.968230530268201 8.860089533054234 3.984240126410509 62.823825649625078 0.854571866030602 -0.519208660306931 -0.011370701440835 -0.511693510014431 -0.845540531539056 0.152417063788027 0.088750648437553 0.124433020484652 0.988250851664181 1.121388182247294 2.917012272714323
34.256484516681709 70.633719026524986 49.766390364837129 7.969166717717505 4.965691764337117 29.706791448845728 0.939062924149776 -0.342559630095128 0.028525853472956 -0.328213853507339 -0.918203359380395 -0.221761712629616 -0.102159144735724 -0.198885622033485 0.974683547873472 0.907547676734265 2.361599134944131
33.225685161339797 73.175776728308790 40.105000207208207 41.918728241393573 2.927642256100450 10.433138398158938 -0.246327918599039 0.816913748816744 0.521511729027103 -0.185382399546325 0.488443006270336 -0.852676254837698 0.951291712597724 0.306717062811592 -0.031124281889202 0.933756564292099 2.602385343267649
30.603307811876999 73.348768110575577 44.019893634447016 38.793523787592520 4.712551837117032 6.745896166107686 0.173775491782565 -0.823629502396539 0.539848609554344 0.230549804133437 -0.498929493512685 -0.835413758755032 -0.957417811757104 -0.269636427964039 -0.103185902356050 0.922157248513079 2.296890327956207
30.913858803250740 71.723858206276901 27.295150015142664 8.706131507534737 3.332983516617100 64.262949970571583 0.885615269151258 -0.463640952558560 0.026882376322345 -0.461960704457394 -0.873500651796345 0.153586844646894 0.047727377713146 0.148437456263411 0.987769415903669 1.058423951029450 2.703883081518235
31.670816498880374 69.264469882913659 59.436211856492925 80.165660013789491 9.770064058236164 2.744478753200760 0.042280463155429 0.909772687121636 0.412947963069004 0.132880675857474 0.404525193572513 -0.904821581168786 0.990229815961438 -0.093129079951420 0.103787696999108 1.109775660343666 2.076064857016799
36.321041646360264 72.632768969865907 59.229420264803849 67.141719896548139 8.182791787114187 2.298602963884242 0.042280463155429 0.909772687121636 0.412947963069004 0.132880675857474 0.404525193572513 -0.904821581168786 0.990229815961438 -0.093129079951420 0.103787696999108 0.929478364202130 1.738781481907742
36.396629177932972 68.468500096870557 49.060446582753855 9.040458730842252 4.190598258037039 31.894156339282443 0.964716027169061 0.262014569252405 0.025910469363192 0.263132226286543 -0.962882716369774 -0.060152356610965 -0.009187949315907 -0.064847821982253 0.997852865692897 0.915895337804786 2.625101355399496
34.684478670410911 71.426991686098773 37.319966290486192 54.702877869043469 4.906448575839438 9.127101188474160 -0.034931527219516 0.946081191486939 -0.322040630232841 0.039263686838462 0.323287677087638 0.945485822600810 -0.998618120855997 -0.020382761293123 0.048439567918224 1.159195644224495 2.899883108428844
34.639941135847280 71.092004700416098 38.449899069091657 41.179979762318723 3.475757838266398 9.642721929977993 -0.093652110319505 0.856184447974953 0.508111674023073 -0.005931581188403 0.509865810742645 -0.860233498173810 0.995587313387082 0.083576588118751 0.042671481590403 0.957410980969783 2.371849977015373
33.530350804478232 68.044958210723607 43.764255311556298 9.761849224728808 6.201527895548460 38.709933144614112 0.905502388917289 -0.424256834069847 0.008459456845015 -0.402814920629633 -0.865665555426019 -0.297259627038561 -0.133437488672506 -0.265761706974485 0.954759211384097 1.142188323689807 2.597308848360503
32.733907977904664 68.764864276164914 53.263858966870302 10.600579182813437 3.167438295670538 60.041139919901994 0.897260582468292 0.440958293815074 0.021891328519755 0.436632488397705 -0.893617609388387 0.103921308048984 -0.065387439346470 0.083686028144986 0.994344573811829 1.086297730634685 2.487429569518419
34.195527923872334 73.288507612086619 35.648464482783623 7.728143544385612 2.958578678164462 57.044084565967800 0.885615269151258 -0.463640952558560 0.026882376322345 -0.461960704457394 -0.873500651796345 0.153586844646894 0.047727377713146 0.148437456263411 0.987769415903669 0.939527758946929 2.400147133445451
33.958935733754380 68.630874097355900 44.074618362411101 9.737139471208486 6.185830231896760 38.611948338173079 0.905502388917289 -0.424256834069847 0.008459456845015 -0.402814920629633 -0.865665555426019 -0.297259627038561 -0.133437488672506 -0.265761706974485 0.954759211384097 1.139297150992664 2.590734391002919
31.869288010864842 70.056603626389318 33.256673393426240 58.978868085064647 4.605102198904514 7.484863512005281 -0.117676016641357 0.849248632620193 -0.514712652943520 -0.006030370924051 0.517693205178877 0.855545077677465 -0.993033730410978 -0.103781045014756 0.055798789966304 1.089330943880163 2.541281529235405
32.629586611818922 71.025339577203880 46.764332949465000 29.470811685910032 9.631398051978321 7.143790681928812 0.112420858925969 -0.993247970275275 0.028635991730563 -0.172487533405437 0.008874365454134 0.984971723684236 0.978575291583665 0.115670718774597 0.170325228665962 1.088403743428682 2.702067904880935
30.348127327827413 68.056231225118466 43.960067126616451 49.005740400495590 5.880663604614836 7.443783389050110 0.065027092086190 0.941179060888175 -0.331592298825630 0.357595223706203 0.288247962055696 0.888278542098845 -0.931609968429560 0.176337992833053 0.317817210053648 1.109027502700195 2.930897844344617
34.129263328952668 70.296392045020184 44.393917012645367 8.050345844095986 5.114240465270125 31.923085702507858 0.905502388917289 -0.424256834069847 0.008459456845015 -0.402814920629633 -0.865665555426019 -0.297259627038561 -0.133437488672506 -0.265761706974485 0.954759211384097 0.941933317459802 2.141933768067759
31.376747031466746 71.679548424919176 63.831447748639420 66.387418428833996 8.090862479009930 2.272779383671799 0.042280463155429 0.909772687121636 0.412947963069004 0.132880675857474 0.404525193572513 -0.904821581168786 0.990229815961438 -0.093129079951420 0.103787696999108 0.919036169760188 1.719247197920706
32.179173601267053 67.659948946369724 51.170162880958529 57.174095282238802 10.294317755693553 3.438799253235655 0.063931211627657 0.956845396636466 -0.283477842371188 -0.016959109312515 0.285059604720820 0.958359749972700 -0.997810196776494 0.056461568274484 -0.034451451592638 1.087730254139092 2.966349763789597
31.675617834424056 73.046802084249123 39.317583946753686 34.741519426071619 4.134243041859164 8.499890263914232 -0.178493036625557 0.842748193757890 0.507854031975725 -0.153960158132839 0.485863416341979 -0.860367950570111 0.971821231288913 0.231758975183949 -0.043026408608982 0.919050453888084 2.127820685057572
31.820150224354357 69.824923902947901 31.735614613409858 58.531821519571920 4.570196559162597 7.428129928692054 -0.117676016641357 0.849248632620193 -0.514712652943520 -0.006030370924051 0.517693205178877 0.855545077677465 -0.993033730410978 -0.103781045014756 0.055798789966304 1.081074060135900 2.522019186357678
30.959480121752229 68.079580034425049 51.266359221065073 56.510615849005475 10.174856869144238 3.398893548243262 0.063931211627657 0.956845396636466 -0.283477842371188 -0.016959109312515 0.285059604720820 0.958359749972700 -0.997810196776494 0.056461568274484 -0.034451451592638 1.075107638093060 2.931926620750160
36.431247122312861 69.114359147402652 35.621799552555657 51.788373626051786 3.713304695939995 6.980260185114708 -0.120403920364288 0.971486462601923 -0.204247274013910 0.065087773802099 0.213026731997077 0.974875988603747 -0.990588954946701 -0.104084890526189 0.088881144804475 0.948581827025054 2.347903797311662
30.820833248533948 70.155690569878630 49.494208069257610 34.072560643733922 9.398322362534207 5.944229271360130 0.124550651366256 -0.979992489486715 -0.155247723957136 -0.221507372441702 -0.179980157392394 0.958405773615217 0.967171969816234 0.084981547965655 0.239492207195029 1.065704658443588 2.702043115809631
30.252965365377129 68.221337642132212 48.443629764015469 10.619950134305851 4.922752910915188 37.466500316337168 0.964716027169061 0.262014569252405 0.025910469363192 0.263132226286543 -0.962882716369774 -0.060152356610965 -0.009187949315907 -0.064847821982253 0.997852865692897 1.075914741200733 3.083742354437369
34.637544285882093 70.563612520949917 51.880297923523017 8.823524338623120 2.636456783252707 49.975991902484623 0.897260582468292 0.440958293815074 0.021891328519755 0.436632488397705 -0.893617609388387 0.103921308048984 -0.065387439346470 0.083686028144986 0.994344573811829 0.904193469049897 2.070443036059803
31.842294592025976 71.523684235037607 43.187276529430214 39.171852508182148 4.758510376924108 6.811684628113045 0.173775491782565 -0.823629502396539 0.539848609554344 0.230549804133437 -0.498929493512685 -0.835413758755032 -0.957417811757104 -0.269636427964039 -0.103185902356050 0.931150465368620 2.319290447725380
31.571313136373373 71.212065497855619 29.657571582155352 8.772011948009084 3.358204640600633 64.749236152508772 0.885615269151258 -0.463640952558560 0.026882376322345 -0.461960704457394 -0.873500651796345 0.153586844646894 0.047727377713146 0.148437456263411 0.987769415903669 1.066433184067347 2.724343719891018
33.031082828599054 69.189935928391620 33.104502222497992 59.763584100733816 4.666373253548385 7.584449897157621 -0.117676016641357 0.849248632620193 -0.514712652943520 -0.006030370924051 0.517693205178877 0.855545077677465 -0.993033730410978 -0.103781045014756 0.055798789966304 1.103824532275143 2.575093373732642
89.646006088746518 18.625048706581982 79.356381597167115 5.208797236430196 15.329890794909501 26.737262313248035 0.664889519177907 0.713817895059885 0.219968043087278 0.743907476369149 -0.606306009447215 -0.281059939355074 0.067257667885937 -0.350509679752884 0.934140979997171 1.107263863720740 46.247401518215405
87.776596847775579 20.625231451027187 78.397942344393257 2.890221541561155 22.975635277267539 17.870241331600258 0.651693518887510 0.731767594705146 0.199528806891288 0.714949125371029 -0.504813702010775 -0.483746704788132 0.253265286944768 -0.457907538266867 0.852160419655339 0.910394593466699 30.052990261586459
88.895616660571548 20.052165079260973 79.260437003608686 2.893826348010593 18.898958471768719 22.409429028606823 0.604611784721670 0.709532264116489 0.361951040823763 0.759632835758275 -0.376954674569147 -0.529965214102124 0.239588281461174 -0.595373109485302 0.766895244403226 0.920238402527644 39.310121918250900
91.543014595406731 18.707143090276553 80.267050869349177 7.365458196182723 15.914481073638960 17.530681632930424 0.245745679979372 0.929191902838649 0.276064246997991 0.691560166127859 -0.367626716978106 0.621767748913618 -0.679230150535652 -0.038118298269873 0.732934784234126 1.093243728483854 38.679984083011988
89.960717181772509 18.831906502258803 80.523276660531749 3.706719682145895 26.107496728111339 22.137845031243263 0.391251420284422 0.837797466413400 0.380811937045979 0.380311897451063 -0.524005537274139 0.762089927477862 -0.838024574092308 0.153341456160194 0.523642254826782 1.108536718888437 52.745092028211793
89.828453668777755 20.771790551213666 80.823504153963725 18.534955107554936 13.129792136236833 5.179683343752560 0.634841626104338 0.717842118444138 -0.285795036263459 0.202518676297348 -0.511558193785224 -0.835041555925194 0.745628792037948 -0.472240306791818 0.470134871207401 0.928904021717780 27.515188173880329
92.163235949280690 21.336527949436391 79.630818162057551 14.800481451945544 12.174427227626239 10.703960313666071 0.390785787006245 0.875008168892353 0.285739694557061 0.470116499875591 0.077158933902731 -0.879225213164248 0.791376614020552 -0.477919661962810 0.381203163012481 1.070392195285931 17.952442640434484
89.760620822424073 21.099659595887115 80.655263730722595 18.473611144565176 13.086337297625423 5.162540474967930 0.634841626104338 0.717842118444138 -0.285795036263459 0.202518676297348 -0.511558193785224 -0.835041555925194 0.745628792037948 -0.472240306791818 0.470134871207401 0.925829687110621 27.424122904220908
90.640131526097591 18.383043955689164 79.975673875601061 7.425603682568743 16.044436899774965 17.673835167361929 0.245745679979372 0.929191902838649 0.276064246997991 0.691560166127859 -0.367626716978106 0.621767748913618 -0.679230150535652 -0.038118298269873 0.732934784234126 1.102171031312373 38.995840394202780
89.261969090794310 20.279924599043238 79.901849610357047 20.464583205173358 4.909533995625392 12.327426936280837 0.776283503247921 -0.622739177359231 -0.097876654862553 -0.199577474659427 -0.390066655431135 0.898897566983766 0.597957150800709 0.678265376753610 0.427087022167125 0.923475081001359 33.543519073997643
90.910178908092590 20.317218215191303 80.786327962108970 14.849277215224369 11.007731859755411 12.493425101088215 0.249560728570997 0.770774473211342 0.586196344411061 -0.880453531142913 -0.071406125373420 0.468724593719095 -0.403138961467492 0.633093892487468 -0.660810941981123 1.090975174514554 25.350960999694646
89.533580903264053 19.055553744081749 79.589950306797448 3.756006082679026 22.413279749615164 15.091535551202586 0.816919505893738 0.574584135213582 0.049955905068296 0.400116150184175 -0.626983410913114 0.668430152522724 -0.415390884892924 0.526065465508446 0.742095370385273 0.931340209095758 48.843858182482563
89.982979586138555 20.379151735555080 82.259308950690851 6.873855428864362 15.833075503400304 19.786392851933510 0.245003433617839 0.913837911960609 -0.323841918501826 0.721566605041339 0.051223051816626 0.690447560247487 -0.647545328146675 0.402835536697131 0.646845096116024 1.110445916639021 32.258059010726953
89.957742848339350 19.044054999507225 79.654018224300614 6.860811673382280 16.036745368265947 19.133263587860981 0.840151934463545 0.507033284075235 -0.192514871781495 0.539149113059873 -0.742289434873246 0.397900274895997 -0.058846927735575 0.438090908049277 0.897002450041606 1.102081144638548 46.269713879468235
89.536404025353903 20.481481473773464 78.459202985555379 18.125665360244412 9.658479665769450 6.938536805593382 0.942786466077154 -0.308882822300319 0.125479406555583 -0.237738639969868 -0.358985340003313 0.902557402455924 0.233739210332861 0.880750207351946 0.411879902158961 0.917508686599429 22.403054753825096
90.063261994200332 20.156506537965374 80.232181036200274 3.627382451862497 18.236790897110492 31.351964667056276 0.642223832236319 -0.685687023416863 -0.342610354813481 0.217676032087522 0.591715520382725 -0.776202221069247 -0.734959654921499 -0.423917502417537 -0.529271439605188 1.096618291969678 57.824858669964328
89.402683931034630 19.762078270263991 78.575939091017474 3.966382617314303 22.473455179909234 13.806570871877119 0.677981432343199 0.648010368199768 -0.347021238692196 0.689998001869632 -0.723802652754706 -0.003532319516371 0.253463872798039 0.237049114258737 0.937850618497086 0.921517110817808 36.609623894081430
89.506680116637810 19.457138523983282 80.416050046261432 5.009493260168319 13.256713937834810 19.222272052964090 0.440836786407779 -0.804022117430405 0.399012985292949 0.530952510694271 -0.124836933516746 -0.838155815715423 -0.723707371205457 -0.581346862649885 -0.371864849306873 0.932820561568081 40.106102925665532
88.843817568178082 20.781198101709993 81.494484544491371 4.954526656373405 15.107805743672751 16.843980338840336 0.303544679046769 -0.682056397410791 -0.665326760752495 0.848703279596362 0.510931458757891 -0.136571547746643 -0.433085870266825 0.523209437226191 -0.733954027015779 0.928972245817291 27.257072781930745
87.930014974986463 20.426258730778102 80.676908035030252 21.792011741798831 10.664923494541204 5.308823210147509 0.592644209409005 0.699054513963056 -0.400119516597043 -0.018251833467735 -0.484973593190975 -0.874338312372562 0.805257543664784 -0.525474452676161 0.274657765147187 0.922297618582441 24.759529873419901
89.362562974447769 19.602728185671204 79.867119422413040 3.751880615981085 24.064976362862001 13.920415155814348 -0.810710708894833 -0.585446470867360 -0.000759099592136 -0.383003739204417 0.529391854330404 0.757002245917442 0.442782432170330 -0.614000565404927 0.653411832953581 0.928001879919235 48.822778526652449
89.702209120598269 19.690987030952879 78.323996193670027 3.970913585991552 22.499127569921541 13.822342708887403 0.677981432343199 0.648010368199768 -0.347021238692196 0.689998001869632 -0.723802652754706 -0.003532319516371 0.253463872798039 0.237049114258737 0.937850618497086 0.922569799266582 36.651444634830412
91.152331564783125 21.079618592036820 79.186635740795793 6.676874883365945 14.158735715336784 20.786421103824988 0.528188071145177 0.737593209662811 -0.420682324990307 -0.822952043310090 0.322603569047067 -0.467628989317218 0.209206347684972 -0.593197432814242 -0.777399195903178 1.077074609890097 21.159398314373671
88.533575672197486 20.521064876452758 79.424212030186936 3.474387613763091 16.259512252653309 21.465456955511101 0.459672490802651 0.671868471655317 0.580770142134420 0.869376414000545 -0.206894862971032 -0.448752901334075 0.181344566995647 -0.711187227438560 0.679210479563894 0.916984405514834 29.945783359834099
90.141953163320778 19.680671582854906 80.691538751070183 3.590639002565572 15.599418097473697 37.527755540870785 0.483164259380876 0.875275130619414 -0.021112654406725 0.318643920220623 -0.153333251934169 0.935390274675617 -0.815486572889684 0.458674568262141 0.352986246001422 1.101533106650024 57.998755585273294
90.694749143656011 19.274402621536417 78.616636044604945 19.863167228760759 12.819857290495348 7.975303979949514 0.376444628808001 -0.819745456498191 -0.431632746663386 -0.667645564473594 -0.563052631663471 0.487053522947505 0.642291866428607 -0.104829006135762 0.759257556954322 1.088962576607228 26.934469518731827
88.417061602664916 20.610379379107204 78.811140742215969 3.382594956210219 17.717564512921658 20.013625845107825 0.469968541675989 -0.658885387084635 0.587366679784676 0.872467400319047 0.447698098578161 -0.195875082412292 0.133903716212309 -0.604513406977736 -0.785260043277833 0.913650105598347 28.958725049447185
89.493183645701308 19.403685961549492 79.947432703730456 3.752358796457343 22.391515235763475 15.076880849248356 0.816919505893738 0.574584135213582 0.049955905068296 0.400116150184175 -0.626983410913114 0.668430152522724 -0.415390884892924 0.526065465508446 0.742095370385273 0.930435827090628 48.796428139228816
88.063720194153490 20.188778596793828 80.523891023834210 6.008735364670604 13.135530748955746 15.673246644057210 0.420946877846002 0.906256745240074 0.038761291755703 0.774787620779994 -0.381445255651090 0.504186135893632 -0.471707397353253 0.182203810739904 0.862724696895874 0.923102372043986 26.460809796914329
90.088422087044663 19.689113828301529 80.097400166268784 3.811497862575829 15.993143156153485 34.201612833894671 0.502588128355886 0.856805388451180 0.115280959211621 0.358565949385305 -0.327924929931963 0.874011270104987 -0.786661066264972 0.397931861818252 0.472032414324182 1.098530216516957 58.721667514679709
61.995231728200650 82.924771086318259 18.854006800854624 31.877434431841134 18.586063299320639 5.290719501683888 0.976502886481618 0.203645663947667 0.070502171940893 0.116183923057736 -0.773021926459902 0.623649258185349 -0.181503192026981 0.600804081849928 0.778518494652812 1.258486265113477 6.045615475872407
61.950466613439630 79.415388346898894 22.024421621469305 3.610847292305071 20.197658650643092 17.522088506432382 -0.160533983806723 -0.981111210066982 0.107933468044187 -0.685316537544470 0.032097211189170 -0.727537636416108 -0.710330967515286 0.190763105748414 0.677524430610452 0.933151123521190 4.799448259092122
62.468708886745944 76.963418456058079 22.826384116269978 24.574317101469656 8.890440412499352 5.504537045411318 0.915007756461997 0.400947930521346 0.044738826817784 0.279878982102387 -0.710729534518414 0.645392348994447 -0.290565932262737 0.578017547980931 0.762539935501347 0.914453909219316 4.015406009443233
70.322464306796604 81.525514021099369 22.834703162932030 52.682403325212498 2.604580508165980 14.882348820736656 0.993979140184245 0.102415582965097 0.038942486367815 0.097970664590463 -0.671582274013370 -0.734424263018818 0.049063405490152 -0.733817618756152 0.677572494014300 1.090966943437804 3.795009254956887
56.539750761078047 80.428183686195453 25.297419555562701 32.946563965970945 15.012641483804966 4.176916048171782 0.964700177039137 0.231811917246808 -0.124967209471189 0.156423420181745 -0.122633575721192 0.980047304840169 -0.211861468982215 0.964999606802093 0.154565445143810 1.095202196325673 6.303062976210812
63.044219172377254 81.811084632808843 21.436981652864773 3.725583721503113 20.839449079353351 18.078861392287859 -0.160533983806723 -0.981111210066982 0.107933468044187 -0.685316537544470 0.032097211189170 -0.727537636416108 -0.710330967515286 0.190763105748414 0.677524430610452 0.962802454399438 4.951953062200940
63.449090822673945 79.060790033189761 24.946714172717460 29.867073625924711 11.024084941831568 3.684469951702254 0.994039943413798 -0.090587083150679 -0.060651226402644 0.011166238846724 0.638027459506231 -0.769932643824148 -0.108443100324136 -0.764666555619034 -0.635236296750912 0.917114143036736 3.849783189935383
57.594864407696065 78.414906631418120 26.445159025916901 28.373627797790640 7.769938264385496 5.495247002004262 0.952822429824565 0.277315458427309 -0.123391870641721 0.128765287952709 -0.001175177958500 0.991674401996553 -0.274861633993665 0.960778203059384 0.036828340776024 0.916698515164617 4.765047194822691
59.320251496608392 80.146132911367289 24.700049113448873 35.896061164438002 10.156140801945376 3.433002141247329 0.985045421267384 -0.148797184554846 -0.086861475400275 -0.009038287416369 0.458823716158795 -0.888481348622926 -0.172057628138774 -0.875979563322561 -0.450617329050354 0.926694327715557 5.444113120084721
62.914768398766469 80.553362620876527 22.402684380931760 3.641498783425428 20.369111028621390 17.670828704172006 -0.160533983806723 -0.981111210066982 0.107933468044187 -0.685316537544470 0.032097211189170 -0.727537636416108 -0.710330967515286 0.190763105748414 0.677524430610452 0.941072387164080 4.840189457427948
53.467365741323420 79.823303539132823 25.479483690872570 26.190031295932705 14.577659661170010 5.034458016197429 0.977985181315316 0.207984436734585 0.016954621902193 -0.013090253419842 0.142235868532475 -0.989746231600917 0.208263367861593 -0.967735207471037 -0.141827140660512 1.069166869152766 5.068410827587155
56.599108980015750 79.311063227444023 23.996475129542862 22.434441555975145 6.575509682404967 13.890238459340365 0.985289457206143 0.160103251068230 0.059763153496183 0.160934095270183 -0.986921085828171 -0.009326699700980 -0.057488281397105 -0.018807427924305 0.998169012821416 1.092206538778849 5.772748800998644
53.328707642986231 81.037432838319191 20.986187619056345 23.831859422363102 17.331361090031564 5.107089693062008 0.944773001639312 0.327685235626199 0.005134367151478 0.067188601434406 -0.209002663003041 0.975604212114178 -0.320764192532041 0.921379548942910 0.219476785968421 1.102828560723003 5.294648056864005
59.202132809268669 81.611602886735326 22.800069535702423 38.708886955754174 6.951980436701917 5.034063266439494 0.978884670243664 0.203207064750587 -0.022174110972109 0.101348435120384 -0.388263387408590 0.915958534376233 -0.177519849765039 0.898865079326958 0.400659795969024 0.951479147576819 5.680284961840779
54.365870956216284 79.424470446424124 21.907381912788125 23.517937141299804 17.103065835729712 5.039817172792924 0.944773001639312 0.327685235626199 0.005134367151478 0.067188601434406 -0.209002663003041 0.975604212114178 -0.320764192532041 0.921379548942910 0.219476785968421 1.088301685112153 5.224904946770025
60.471757946585370 79.571003586511779 22.936938971710301 30.361562043453873 3.672271714522579 11.295517850118426 0.990584695521916 -0.135010635865994 0.022673535251758 -0.056250307708294 -0.552386168546383 -0.831688297189139 -0.124811313110931 -0.822582305305497 0.554779674391391 0.928627766330119 5.366819697632058
59.691867989521761 78.923940454617636 22.839541185879387 33.527715724928420 4.167262641469087 8.940986887019658 0.999847440075750 -0.015999807453140 0.007007334402792 -0.007301319929218 -0.018390441269209 0.999804222034102 0.015867807071594 0.999702854768049 0.018504455337903 0.926118888998205 5.408623969436881
55.935035057229612 78.667771216471039 23.410497700947783 26.726797963878287 14.574859999375311 5.161127352483180 0.978182813747094 0.201244414832877 -0.051566155454829 0.046825944308204 0.028247527279028 0.998503584441371 -0.202399885942319 0.979133679688935 -0.018207785953896 1.085305347150083 5.878394300613365
54.213223704045731 79.764232819540652 22.533014162894364 23.459175451617448 17.060332281284957 5.027224734477260 0.944773001639312 0.327685235626199 0.005134367151478 0.067188601434406 -0.209002663003041 0.975604212114178 -0.320764192532041 0.921379548942910 0.219476785968421 1.085582465075246 5.211850049937142
71.283617486491039 81.410503775456974 21.946227301372122 52.747533996870843 2.607800522196811 14.900747703729232 0.993979140184245 0.102415582965097 0.038942486367815 0.097970664590463 -0.671582274013370 -0.734424263018818 0.049063405490152 -0.733817618756152 0.677572494014300 1.092315693785136 3.799700982860778
63.735941671023156 81.156282897334663 21.222112610296975 26.076957454940775 14.966193345187383 3.556995372492870 0.966415655124896 -0.256968236560727 0.002847266827655 -0.176717517508163 -0.656480075214236 0.733351777697759 0.186578939152494 0.709225800606254 0.679843410808069 0.959261836518751 4.019510074327929
54.080596799033415 80.906659161781434 19.023610034854268 29.156776690201937 14.390773416044400 5.358115218205192 0.957815711203714 0.276550211361094 -0.078160373383568 0.162315973733094 -0.296150444670657 0.941248340658537 -0.237155198219229 0.914229125940268 0.328546065628690 1.126501760399863 5.120066837338019
51.220547082811407 78.977165137726615 23.674304297872123 23.129001285336980 17.751866765682237 4.595386406759323 0.530084864281656 -0.844608358531593 0.075144909062866 -0.234427097355044 -0.060807360850153 0.970230076266515 0.814895068512006 0.531920281212333 0.230232147515949 1.062578339038966 4.909444797849574
68.297753980949366 79.322030090787820 24.597794227990612 50.175724216186723 2.749933740907544 14.179955635993933 0.988936662751459 0.102643099953193 0.107091881569077 0.147804747092053 -0.743017461468711 -0.652747124612317 -0.012571149631622 -0.661354251505645 0.749968346140254 1.075516045253424 3.609591405534940
56.560811944856589 79.340666879188419 21.184530834974982 31.933359022351919 9.990702359133364 6.753450291402531 0.923981186543460 -0.361784087750326 -0.123980001469613 -0.070652633216236 -0.480083246853931 0.874373079131442 0.375854988437499 0.799144761567547 0.469148886523026 1.110645396230547 5.791044421913477
58.598222524077457 80.234326918994199 22.454655952874646 33.786856018837376 4.878976011562261 7.983229910412414 0.986220964852247 0.155793761377865 -0.055646315256616 0.161159017901672 -0.828790415863641 0.535849062256846 -0.037362808176985 0.537433484710722 0.842478053172200 0.942334323851972 5.629796084416986
62.892607488644394 78.857338314708898 23.522855366113312 35.977126300885040 8.975538488800218 3.802573634673271 0.982400039911047 -0.186488005397097 -0.010601199261721 -0.142994971983968 -0.787371987740179 0.599664732087342 0.120177367129084 0.587594738544425 0.800181119287896 0.920820223831999 4.559795613722880
52.811042630992105 78.969033002169283 25.040451035997570 23.119711572395499 17.744736767097596 4.593540679827695 0.530084864281656 -0.844608358531593 0.075144909062866 -0.234427097355044 -0.060807360850153 0.970230076266515 0.814895068512006 0.531920281212333 0.230232147515949 1.062151556765675 4.907472930049861
56.738532000324902 77.243968194467314 22.220640197065009 24.099610140980012 6.789337040651286 12.520613099281652 0.957122083628595 0.218437841207509 -0.190268827081737 0.176089368331742 -0.960245251763522 -0.216613921127285 0.230021415070390 -0.173821649958263 0.957536517640347 1.092129916557653 6.298623354819182
57.610129979797570 80.927652025348436 22.282747263117543 33.758411464269258 8.121164907997045 8.203072954328388 0.965500630975874 0.222916689049577 0.134598221861822 0.033576471749383 0.406001275265314 -0.913255487269473 0.258226939202812 -0.886268082594716 -0.384509731533331 1.126623861607870 6.680647697581906
50.238945748926142 94.258359969793034 63.399769774466073 27.508483905449033 3.520656021443782 11.950917414603543 0.829799335926285 0.517277573195177 -0.209420568153189 0.464548706676334 -0.848214062121695 -0.254415809147856 0.309237063143540 -0.113828015393052 0.944148093092412 0.902853200808486 0.092310359083263
86.728940546246477 94.020968935476731 75.076486188635201 18.240474127743362 7.761019182589898 8.257241561010634 0.071234274201838 0.900972821090394 0.427987913188391 0.482285077239462 -0.406698773094353 0.775884793146299 -0.873113270115089 -0.151142593665599 0.463496638530391 0.905836743927165 0.042384064243977
69.957506022475130 96.796556660422709 99.440078964767935 8.151249197707441 15.533729707192141 14.230425829576033 -0.484279123358898 0.708345491478575 0.513537141189138 0.514005673052723 0.705328045748769 -0.488170580791019 0.708005578190140 -0.027550182979415 0.705669248776965 1.046387589696598 0.052598074776359
45.182168266975964 7.086977818420836 29.279403144051884 54.154082121585922 5.940518767843129 6.062209938375029 0.869141309668468 0.395401595518803 0.297070634847950 0.095268352558382 0.455567712146935 -0.885088696487544 0.485301272230550 -0.797568578813379 -0.358283459374023 1.074357511520700 0.244314415885595
15.235470568773046 41.748637479601179 13.128932847325602 92.041547909469458 14.995010300991881 1.996736504156870 0.155004280478450 -0.712606232454155 0.684226592950648 0.869600155091736 0.427076891727665 0.247792047525063 0.468795523973710 -0.556594723312870 -0.685881236572691 1.205601528834649 0.476567820373609
60.411780402088198 38.280805915785407 89.538588428821001 34.066530372972693 9.109354613270055 5.067859399376156 0.770922633111884 -0.627546249682461 0.108921982470560 -0.626320156466990 -0.777996890696300 -0.049435813638036 -0.115764223139123 0.030108845483792 0.992820276819842 1.000000000000000 0.076422650207176
