# xi_x xi_y xi_z eigen_value_1 eigen_value_2 eigen_value_3 eigen_vector_1_x eigen_vector_2_x eigen_vector_3_x eigen_vector_1_y eigen_vector_2_y eigen_vector_3_y eigen_vector_1_z eigen_vector_2_z eigen_vector_3_z local_bandwidth scaling_factor
54.881350392732472 11.932938102861382 19.658236168005349 25.574033636638386 17.437374371290296 0.699334939096777 0.781183861589190 0.620030377915202 0.072897907068261 0.121330281816822 -0.036240401768432 -0.991950399966608 0.612397531924200 -0.783740367559305 0.103538877486449 0.782779548728613 0.169328181977661
71.518936637241950 8.340468563848678 36.872517066096414 31.531697114731163 10.192213584932299 1.255089589487472 0.763537401209520 0.606380919712424 0.222064894035342 0.047300818076802 0.290439109671645 -0.955723681919836 0.644028935346447 -0.740234627521475 -0.193078809439734 0.852866685348086 0.138503791646769
60.276337607164386 15.075325631480766 82.099322984793517 15.926667018563748 5.306965647763804 10.543722586098699 0.951382553404360 -0.278502446569575 0.131558444550555 -0.306891444669595 -0.893501910705155 0.327829188381462 -0.026246490554164 0.352265131429438 0.935532147450097 1.110808863170239 0.051280047685620
54.488318299689688 6.747939487454823 9.710127579306127 22.490383578348727 15.334821396642850 0.615010962036690 0.781183861589190 0.620030377915202 0.072897907068261 0.121330281816822 -0.036240401768432 -0.991950399966608 0.612397531924200 -0.783740367559305 0.103538877486449 0.688394038982243 0.148911032862887
42.365479933890470 10.102319155235634 83.794490749880396 5.303428786724293 10.496143487096321 16.292462450481771 0.469679639006354 0.882807221470124 -0.007241990269300 0.814095923328355 -0.429920553651205 0.390405103922060 -0.341538964575074 0.189261003031372 0.920614690523970 1.117314316765345 0.054960058609378
64.589411306665610 9.581444187052110 9.609840789396307 66.458407519960986 0.547718247940962 22.661588627580784 0.997008301431946 0.076384059033566 -0.011828879969962 0.077088706599853 -0.971479090218087 0.224244751518962 -0.005637214786474 0.224485751874358 0.974461065930731 1.082555368217142 0.315002173723198
43.758721126269251 13.427398517804233 97.645946501339580 35.615354498961629 4.411379604730599 11.706173692008754 -0.391279407397584 0.768169665593342 0.506769957879124 0.881675340067231 0.470716937411709 -0.032774373389486 0.263721481991755 -0.433982637551268 0.861458095463800 1.414251047995017 0.078163725009309
89.177300078207978 13.285586092832510 46.865120164770161 17.787899017488105 2.868440706232928 5.733178781338991 0.816144698330276 0.548301855684944 -0.182408624905267 0.104745262691045 -0.450816222231821 -0.886449752505134 0.568274811452318 -0.704364826510436 0.425363291603491 0.766254361543933 0.118762065077655
96.366276050102925 10.346472976796903 97.676108819033715 23.907480471279772 6.437266012314576 11.950646503139437 0.468519680825593 0.652165558546084 0.595960898822532 -0.288232161723475 -0.524829588845939 0.800922045907101 -0.835111686918161 0.547022839484860 0.057917902712591 1.414251047995017 0.068023900537334
38.344151882577769 10.845597100373057 60.484551974504598 13.891568388636669 7.897634922952776 4.829237658924346 0.846576910768793 0.432995551133939 -0.309551913015220 -0.493847933418159 0.422034776777988 -0.760263681789790 0.198549119393110 -0.796493251627514 -0.571118855668460 0.934028063729636 0.037259507036733
79.172503808266455 8.014850718843595 73.926357939830169 66.381062633855109 22.705944508749614 0.516187202604617 0.547412276515936 -0.799213219434306 -0.248189503003435 -0.032631281416718 0.275961066291537 -0.960614745548048 -0.836226643316717 -0.533951046232415 -0.124985124053093 1.061649816666095 0.211141705175024
52.889491975290447 5.570804447459797 3.918779225432067 28.358990824946559 19.336266888228778 0.775491007918176 0.781183861589190 0.620030377915202 0.072897907068261 0.121330281816822 -0.036240401768432 -0.991950399966608 0.612397531924200 -0.783740367559305 0.103538877486449 0.868022555837559 0.187767656339901
56.804456109393229 9.222044783908665 28.280696257640958 48.283585636365700 11.852693687391675 1.361921982808787 0.383190881704877 0.863852653923128 0.326991346197734 0.056896681360307 0.331265802974624 -0.941820436935704 0.921915134829894 -0.379501726069255 -0.077787685928000 1.062283792808188 0.169567188010992
92.559663829266100 10.349606923128514 12.019656121316890 89.082918780627637 22.152504097298113 0.931986029825294 0.491816750561169 0.862098097353032 0.122078476431085 0.118643297569911 0.072545697442548 -0.990283237121740 0.862577562778670 -0.501521676822504 0.066602971915322 1.414251047995017 0.236326003369553
7.103605819788694 12.751013594191674 29.614019752214492 2.446518243869014 10.437007671834364 16.954767300748770 0.989053748861355 0.146090245696048 0.020744203425718 0.048815126301217 -0.191284685443930 -0.980319974579123 0.139247137519934 -0.970601776851395 0.196322249033113 0.873218749467043 0.050920897541658
8.712929970154072 12.688603076657861 11.872771895424405 5.273932809859000 16.481788298690915 21.158639644001319 0.577687949593438 0.815978058651784 -0.021364472691724 0.307122467726281 -0.241534848462061 -0.920508939009355 0.756275361698535 -0.525205411983992 0.390136966347046 1.414251047995017 0.051014627306097
2.021839744032572 9.133910906767170 31.798317939397602 2.526550192997187 10.778429228422326 17.509401658164251 0.989053748861355 0.146090245696048 0.020744203425718 0.048815126301217 -0.191284685443930 -0.980319974579123 0.139247137519934 -0.970601776851395 0.196322249033113 0.901783996715963 0.052586652003873
83.261984554793798 9.324030499928385 41.426299451466996 17.207737258706938 3.766262151122715 5.643306402342581 0.775154197221131 -0.527820252636455 0.347191231797772 0.156408328162769 0.692773147756808 0.703989915146838 0.612104897392426 0.491397137409158 -0.619561496491102 0.825480721031036 0.116991039851242
77.815675094985053 7.655364292101019 6.414749634878437 61.838303864993982 0.509641574520160 21.086183914276482 0.997008301431946 0.076384059033566 -0.011828879969962 0.077088706599853 -0.971479090218087 0.224244751518962 -0.005637214786474 0.224485751874358 0.974461065930731 1.007297500927710 0.293103624714121
87.001214824681909 6.824743363198785 69.247211937001978 24.782763104949595 13.636634625202914 1.305724283462006 0.336204720952175 -0.939100564888066 0.071109174066257 -0.204778929263416 0.000803513518985 0.978807920123123 0.919256207887224 0.343641504176867 0.192037863110016 0.878794015638453 0.187601683613116
97.861834223276404 6.184663865780948 56.660145420657514 3.419554926409605 7.586123318077861 13.892164037160118 0.389594884625501 -0.914597689774483 -0.108290773996776 -0.870078087200015 -0.326955664361086 -0.368868697122111 -0.301960176261714 -0.237930786997772 0.923151662810947 0.821430357197559 0.109991304015244
79.915856421672359 14.362066392572302 26.538949093944542 82.825034838810964 18.752938689664433 1.184119969181261 0.019756919030435 0.999558419179106 0.022195287756438 0.095578109111598 0.020209717550931 -0.995216756478288 0.995225848342514 -0.021783800510422 0.095136621898435 1.414251047995017 0.264213995135686
46.147936225293186 8.860383076722226 52.324805346669969 50.279650135377914 14.030762471204101 1.230300590089025 0.487777452584431 0.858781198706220 -0.156741856244435 -0.035068164838171 0.198681747808020 0.979436463943851 -0.872263366515599 0.472250374099014 -0.127028357456970 1.101063935221584 0.121676252731227
78.052917628645545 9.020436082401641 9.394051075844168 41.504487754537294 19.595323765376872 0.817095664555102 0.965843169854870 0.251136892880631 0.063853208838398 0.090235956274583 -0.094971602391246 -0.991381796753627 0.242908302533917 -0.963281192473673 0.114389251184669 1.007297500927710 0.199830791219393
11.827442586893323 7.198664413032041 57.594649555617927 28.435580394668651 5.211885020834305 12.409941749147327 0.838314001459569 -0.514860209905379 -0.179300304553662 -0.106103564600930 -0.476665262898399 0.872658158000586 0.534763189211657 0.712537150892632 0.454223667439278 1.414251047995017 0.069586230872888
63.992102132752379 11.738521287490650 92.929619757621410 15.931935627971942 13.616511866104306 4.108002844273127 0.984652549754650 0.174424342325790 0.005958612748076 0.167377052081890 -0.934096476261184 -0.315354872283300 0.049439647025866 -0.311512314107574 0.948955109297222 1.110808863170239 0.044069871405498
14.335328740904639 6.391214704119827 31.856895245132367 2.080738560112319 17.895693611966887 14.019599136235257 -0.235478951509321 -0.916596029280897 0.323112027789997 -0.959646854218690 0.271871032506215 0.071861372601549 0.153712649395698 0.293151600354659 0.943628401769075 0.929433174044732 0.043358901114576
94.466891704958385 9.524298271889213 66.741037996368163 3.735452356717939 8.286927052410356 15.175517869808884 0.389594884625501 -0.914597689774483 -0.108290773996776 -0.870078087200015 -0.326955664361086 -0.368868697122111 -0.301960176261714 -0.237930786997772 0.923151662810947 0.897313840457885 0.120152266784501
52.184832175007166 7.997675897592966 13.179786240439217 24.586844882325451 16.764270545407275 0.672339761207224 0.781183861589190 0.620030377915202 0.072897907068261 0.121330281816822 -0.036240401768432 -0.991950399966608 0.612397531924200 -0.783740367559305 0.103538877486449 0.752563307575948 0.162791908528911
41.466193999052358 10.865140285877777 71.632720411856553 15.467575729076488 7.727699326027391 4.574398126696196 0.452042464050858 0.856211802918324 -0.250117890679937 0.305937156123459 -0.412215639137152 -0.858184550871104 0.837890247704267 -0.311415502815935 0.448285977260030 0.943886474509938 0.042118465582508
28.940609294720112 42.385504855817970 50.666880831010168 17.350141200404483 3.046386568664308 6.171028810389895 -0.780082698719808 0.593535934531723 -0.197954736183743 0.492633302013657 0.387606571661305 -0.779149263846210 0.385724529820366 0.705319955782143 0.594760747755208 0.794571201379259 0.159032190976963
18.319136200711682 60.639321412792434 52.965889029389210 13.244880330212615 2.236328100712621 7.585887014796719 0.875712011235052 0.352448711943156 0.330012694950164 0.333634942031143 0.052363130046006 -0.941246953815873 0.349021774155332 -0.934365029344204 0.071734183650956 0.701747590949093 0.098417033844345
58.651293481008317 1.919319830933353 48.446899050654125 49.080384385116560 20.075173335207442 1.866635009854310 0.712849063362547 0.700241263540031 -0.038837941487666 0.014886825449462 0.040257681665015 0.999078426098269 -0.701159464951573 0.712770293925623 -0.018273281205222 1.414251047995017 0.152334257170778
2.010754618749355 30.157481667454931 49.665406996045391 22.380833476476386 4.559319303809841 6.686303934410068 0.273173561104532 0.730502024110684 0.625893759581977 0.918289402175918 -0.004201029361258 -0.395887515847242 0.286567233585528 -0.682897608812990 0.671959877159818 1.016182582129161 0.059764387215381
82.894002921736316 66.017353749268509 49.026967077699950 18.655726628735380 9.132709543260159 4.308214952950069 0.783524712221540 -0.534109401852399 0.317515625113202 0.602047269188330 0.778981542481138 -0.175290736026132 0.153714381243361 -0.328504038524005 -0.931910395731473 1.041247599875829 0.114887311987090
0.469547619254707 29.007760721044406 54.135079405204522 24.711154307883774 3.717028443901255 7.428026786505558 0.416403753611664 0.743374390374469 0.523452413991476 0.861377681940757 -0.138336032014438 -0.488765415409959 0.290923362816543 -0.654413980582542 0.697929752185438 1.016182582129161 0.063458372760944
67.781653679623005 61.801542899884154 51.503296777596510 7.698970917055273 6.390801226878802 4.578201356657617 0.823487177550784 0.563555093857760 -0.065379848549944 0.567316789419437 -0.817054386635146 0.102828934269923 -0.004530877648507 0.121769394624577 0.992548077264018 0.702336512490399 0.120128176736741
27.000797319216485 42.876870094576617 50.911112364072011 17.291177012517373 3.036033470788234 6.150056663937040 -0.780082698719808 0.593535934531723 -0.197954736183743 0.492633302013657 0.387606571661305 -0.779149263846210 0.385724529820366 0.705319955782143 0.594760747755208 0.791870863378164 0.158491722523101
73.519402212259493 13.547406422245023 48.278415320570481 13.061796975144942 4.493220542269116 5.650957437417929 0.819593739098386 0.568234559849663 0.073318400304327 0.544353770695928 -0.732372036802887 -0.409035661083866 0.178731852672797 -0.375154214559360 0.909568161348285 0.798997071484748 0.087866400513026
96.218854511743828 29.828232595603076 51.205797848540293 4.081200959515772 14.295126596985670 31.524679524005382 0.601781167139918 -0.795303683545384 -0.073153795628534 -0.184197480533200 -0.049080869381683 -0.981663056463856 -0.777129792918107 -0.604221084703174 0.176028877628584 1.414251047995017 0.181725824739195
24.875314351995804 56.996491070126488 48.492146331321806 1.239604206438039 12.400582414859644 14.713247602778623 0.152512035278344 0.801912629289389 0.577647136305059 -0.028246354630974 0.587782728131108 -0.808525576565648 0.987897880625988 -0.106993455392984 -0.112295048678698 0.703280932918472 0.163709937104211
57.615733441783689 59.087276124817322 50.071175292063216 2.793807113827593 6.495465762184006 8.437489539036239 -0.510224125103850 -0.686773825803117 0.517699772410381 0.755301902076949 -0.069923038447003 0.651636252378028 0.411327580987408 -0.723500159561896 -0.554397998041983 0.617529357045594 0.120934057266019
59.204193127183899 57.432524884957878 48.578204945518166 3.880419252940248 6.207447561063554 5.453147354937206 -0.285008402360962 -0.951268397565627 0.117722752161911 -0.060815646809260 0.140515178211767 0.988208956544762 0.956593784051947 -0.274488470586723 0.097900009336763 0.586764641063800 0.105865468783490
57.225190579087339 65.320081985713358 51.512550829744541 8.797864947785984 4.115343865081575 5.960698595809461 0.975143899617514 -0.220491600415931 0.021859304306618 -0.026771595738758 -0.215179955090777 -0.976207390152693 -0.219949213911640 -0.951357472810906 0.215734332516869 0.692379947305269 0.108984792709217
22.308163264061832 65.210327000168888 51.289296261153126 34.942079372274399 9.112404513830224 1.319349611995793 0.088619936496485 0.985361862857455 0.145631404859820 0.996053580598242 -0.088382242872590 -0.008114414472586 -0.004875595633493 -0.145775781153443 0.989305640434908 0.864499667433965 0.173527726614245
95.274901151698501 43.141843543397393 49.534229822898993 3.728066476279829 12.038781992818979 20.642114470697351 0.863217544995428 0.468002301394496 0.189286333108132 0.206638904629717 0.014543155305391 -0.978309184116756 0.460603770181593 -0.883607572694587 0.084153576105139 1.125272607932101 0.075879368582316
44.712537861762733 89.654659585106302 50.885497929057664 52.605984297826843 42.890337768270925 0.313619142025834 0.741144550356263 0.670522466576060 -0.033232172573730 0.671105950720547 -0.741294055232424 0.009996328553010 0.017932049093296 0.029711033200236 0.999397666658018 1.028608274835862 0.210307147717599
84.640867247112780 36.756187004789652 47.555840162890107 28.553794854486018 13.512709862919586 2.401121259185503 0.225176172135510 -0.973300790159645 0.044511384802212 -0.935466868357913 -0.228743632702180 -0.269403208412315 -0.272392051475512 -0.019024257484111 0.961998257753173 1.125272607932101 0.109409334282591
69.947927531750437 43.586492526562679 46.665446650747569 28.765904245678630 4.823858250526964 13.254217656795413 -0.786142019436516 0.614481052813504 0.066285450963873 0.565094739269873 0.671209008288955 0.479735763562893 -0.250297145260969 -0.414598001593067 0.874905615566185 1.414251047995017 0.216477564163663
29.743695085513366 89.192335501567214 50.982509712776782 121.410851518525732 26.972336188703881 0.561630386597833 0.726262527254098 0.687412413134180 0.002629786214560 0.687414938042714 -0.726264894364223 -0.000078548426445 -0.001855926243947 -0.001864801106449 0.999996539021316 1.414251047995017 0.314868687568250
81.379781970247720 80.619398904608573 50.372693265700470 32.920352893629591 14.434592321499599 1.849346119199601 0.526560937882396 -0.850110892847825 0.006711822247765 -0.842272130595706 -0.520601620679535 0.139827073800505 0.115374333012947 0.079280655946549 0.990153190609667 1.105639015232106 0.114839338037428
39.650574084698462 70.388858354036628 51.419973460740117 49.337194524709339 79.150789998319254 0.470974031638360 0.998192952010000 -0.059886120805536 -0.004948039250708 -0.060049252162525 -0.997164299138625 -0.045359098735497 0.002217627625038 -0.045574258723974 0.998958492165454 1.414251047995017 0.320811839824210
88.110319711116162 10.022688731230112 55.328873716819203 22.481863455786385 12.370572092464998 1.184497262366784 0.336204720952175 -0.939100564888066 0.071109174066257 -0.204778929263416 0.000803513518985 0.978807920123123 0.919256207887224 0.343641504176867 0.192037863110016 0.797204370702316 0.170184229143657
58.127287263585870 91.948261374467350 52.111920336264696 59.223969938313097 40.012647967933233 0.340186159982930 0.878957107778042 -0.476614955332239 -0.016510210177544 -0.476230831890263 -0.879030580146679 0.022570642970467 0.025270485621899 0.011975955938478 0.999608913043393 1.074289762699514 0.229247183420207
88.173536185485275 71.424129954911137 47.958867452534221 17.680697977507950 7.008397726313439 3.798246448722412 0.885674278573102 0.347971712370267 -0.307403252526903 -0.371298197132276 0.928320637321694 -0.018932594353812 -0.278780776023629 -0.130906385301666 -0.951390980200525 0.897879485857110 0.068536107815952
69.253159007776588 99.884700656786649 52.497724352156816 71.564653614246183 35.012712753375723 0.734010600176251 0.735432292140094 -0.675630964665189 0.051595961694238 -0.676974649517754 -0.735888291167967 0.013181306164581 -0.029063165482818 0.044623116290506 0.998581048240273 1.414251047995017 0.262912029042668
72.525427981964057 14.944830465799374 47.057541578000517 14.358117056833132 4.939150917046873 6.211787591249715 0.819593739098386 0.568234559849663 0.073318400304327 0.544353770695928 -0.732372036802887 -0.409035661083866 0.178731852672797 -0.375154214559360 0.909568161348285 0.878293660686575 0.096586715160960
50.132438192670229 86.812605736821425 48.967865446266934 52.496769182696049 28.585919019654352 0.288426034660910 0.438825342044098 -0.897410300937883 -0.045684471655688 -0.898373620523175 -0.439230173979867 -0.001300851143779 0.018898601217092 -0.041612570651126 0.998955072481161 0.873153673324764 0.203322389632674
95.608363472322395 16.249293467637482 49.847407131600413 13.337055183117656 7.894348310085069 3.196824575615172 0.675870117107931 0.622632167527218 0.394371358951015 -0.164767184876093 0.649191409480830 -0.742564669671470 0.718367148182960 -0.436897811640951 -0.541358423408031 0.802939148312094 0.117682295354044
64.399019922963745 61.555956428384420 53.831150794362486 10.761478439503994 5.580358686076729 2.728084406847777 0.698472585390368 -0.619240555915152 0.358716017718737 0.556415298837192 0.154694807027346 -0.816377077029170 -0.450042289877312 -0.769812087842654 -0.452605000782492 0.631608898260832 0.113676090469345
22.741462797332325 47.687362700527373 28.173010575394908 39.302955724601617 19.089747959352817 2.451327061092772 0.351103719671634 -0.935619251617266 0.036644154184388 -0.035733504507359 0.025718214651798 0.999030374959013 0.935654473985116 0.352072704761773 0.024403193917278 1.414251047995017 0.138669623658481
25.435648177039294 51.524091675968940 58.641016618632669 2.599346831625300 8.168769191464337 10.303132583002318 0.637217376318900 0.723341223471507 -0.265953924099646 0.753487241092176 -0.657220894985850 0.017823375249930 0.161898093962093 0.211750252941387 0.963820957206628 0.695527547405993 0.094601279228224
5.802916032387562 48.203521377127011 6.395526612098113 22.231128090747838 6.422174956745812 12.881992218562338 -0.391221812140113 -0.919984989126426 -0.023939788801392 -0.913956230222058 0.391443309807982 -0.107033380049667 -0.107840173145678 0.019993873777280 0.993967173536072 1.414251047995017 0.058020934094921
43.441662555812080 48.458119823080679 48.562759593462289 30.017786676160370 3.052104225984327 7.511366528168661 0.963628137717421 0.263728567344472 -0.043221001442427 0.225984989884984 -0.890452598297467 -0.394999942445531 0.142659021957737 -0.370865761363490 0.917663876646749 1.019099560755574 0.151282847940508
31.179588199410258 48.981398356174559 97.749513974444682 15.013398142808322 8.933433516980070 4.903548632776450 0.947903776200499 -0.308853591432614 0.078024932707497 -0.244485633221441 -0.548316808406508 0.799734613960914 0.204218525636496 0.777147435611851 0.595261839116853 1.003814781886293 0.049440729314734
69.634348881545947 50.039084587769558 87.650524531659073 4.521994069670560 10.146127268136185 15.609852730310349 0.495950133349864 -0.867913544475505 -0.027559835743682 -0.728165566125437 -0.398383923389380 -0.557732156051726 -0.473083896935283 -0.296675460563983 0.829563317390345 1.032747107105364 0.053327371902242
37.775183929248094 49.208445550816180 33.815895183684560 41.413695548826993 3.548847070982862 12.513978221378899 0.991823181794824 0.095032815125230 0.085179458226532 0.099487579445402 -0.993798468035104 -0.049667156825957 -0.079931205361150 -0.057735335631252 0.995126943374090 1.414251047995017 0.180091461569960
17.960367755963482 46.925515442166052 96.157015454149857 22.527504446026121 10.114301392153322 3.808415039686116 -0.288834490812122 0.752867395555800 0.591409605625685 0.527130357078770 -0.390610111023103 0.754690219767374 -0.799192231921276 -0.529730521940680 0.284037586528868 1.100986606990299 0.063902882104639
2.467872839133123 48.560825499695817 23.170162647120453 2.706459214396768 11.863184304920370 27.299207832497277 0.679519825256086 -0.722386682537525 -0.128102646250444 -0.733399333087708 -0.664217328875655 -0.144709219636471 -0.019448015591412 -0.192283178967166 0.981146754454112 1.104676775528193 0.068998041261343
6.724963146324859 45.028319410238872 94.931882241568147 30.353976748141825 12.215883477628141 2.340198883777064 0.347697850852616 0.873247421071283 0.341387091297878 0.157047504540327 0.304719710793746 -0.939405119834586 0.924360473965719 -0.380243132017042 0.031190939770105 1.100986606990299 0.080001241125402
67.939277349856724 51.398060026167620 94.137770470649855 19.648911493241897 6.956454777217426 5.239654336313162 0.906664430194931 0.390557025544553 -0.159451625319698 0.017010391809004 0.343824780065359 0.938879740533106 -0.421509498813260 0.853961199593283 -0.305090170276584 1.032747107105364 0.044882264344175
45.369684455604528 46.417690178189368 79.920258735239173 66.918878463433089 39.797399322246086 0.690594825102855 0.982519032091251 -0.181012996364814 -0.043481567652315 -0.051281113236901 -0.038631554303118 -0.997936796814964 -0.178959769232236 -0.982721678889377 0.047238785306015 1.414251047995017 0.182463751590707
53.657921110872223 47.530523779819760 63.044793686679114 3.516807127956162 13.358395904284109 19.922029403588983 0.359470320986449 -0.829917634086098 -0.426635452069837 -0.871560275643541 -0.135243776217640 -0.471266174167581 -0.333412318683721 -0.541244715103369 0.771939365573889 1.129093134353015 0.156721740775335
89.667129304034205 50.116644663279203 87.428796662494705 3.603625146871283 18.090233132471791 28.212585846526792 0.808429205191315 0.581475938939885 -0.091257616820282 0.541405806056003 -0.795451530778226 -0.272280398397361 0.230915511307898 -0.170712022472219 0.957880698219176 1.414251047995017 0.063454272023525
99.033894739670430 48.346286866425594 29.302028450779673 3.478808861556760 19.370842532527515 11.201294009678714 0.961821556882844 0.209362392225189 -0.176257429452517 0.208277486231931 -0.142167862345968 0.967682172846481 -0.177538112652948 0.967448028391047 0.180345587464470 1.050993537379236 0.072745643802089
21.689698439847394 53.450285525603796 84.894355531291822 43.282473111208844 12.804080367330410 1.322534710763572 0.086789886827572 -0.995856484601271 0.027154697973946 -0.158758549271898 0.013083527992818 0.987230745230487 0.983495418686604 0.089992685107514 0.156965212864508 1.040734935733618 0.118951204468068
66.307820310010072 47.109084064678058 61.787669191752379 17.598229881941901 9.177369286063334 5.794944010499343 0.782517954208258 -0.591877555091346 -0.193252713100781 -0.472853334592952 -0.766855829493066 0.433983710220589 0.405062186961518 0.248219855272685 0.879949730463258 1.129093134353015 0.192827463608157
26.332237673715063 50.597143897315185 1.323685775889949 27.565499113483465 8.403858697766264 7.939297282704610 0.498202872124532 0.667972619209897 0.552816857732050 0.292879641323473 0.470456523141997 -0.832401450942619 0.816097674243164 -0.576613596630373 -0.038747209910969 1.414251047995017 0.066513057968383
2.065099946572868 49.912160948095554 34.723351793221958 2.315428295549037 16.201490072644624 23.365039199539819 0.779417988271212 0.523839278929559 -0.343656819239508 -0.608980271382349 0.762295038568816 -0.219201512860765 -0.147141525839366 -0.380129825222814 -0.913154251673689 1.104676775528193 0.083240656090849
75.837865383614144 47.388063534975188 14.814086094816503 4.463237213197497 8.459826954871735 12.583771028125851 0.878205792983088 -0.477951633074894 0.017799483475288 -0.185566994052634 -0.306195210542313 0.933707333032797 0.440816828046769 0.823290185464390 0.357594455534192 0.900723940315021 0.045298495416615
32.001715082246783 51.170082183988086 98.182938981825316 27.393477230818338 2.626592023237494 9.140461294604203 0.998279293266933 -0.055733589983232 -0.018226891727692 -0.032665290530868 -0.270418159072647 -0.962188649921778 -0.048697345194641 -0.961128392147137 0.271773402634718 1.003814781886293 0.064694912084984
38.346389417189798 49.616410742096356 47.837030703998806 16.517794394697269 3.776631183611624 7.328920277693117 0.976820218767038 0.197005083872438 -0.083733249885148 0.134478249790259 -0.260425574421024 0.956082695440530 -0.166546871904770 0.945181208613403 0.280881865457425 0.889234894653929 0.115878265276530
58.831711355360575 51.725776136905793 49.739136549866267 3.483219296776366 7.995532249566393 10.646739028788890 0.876459605800139 0.480231386983438 -0.034588644908811 0.340384752799715 -0.668830732964302 -0.660911242682337 0.340524271472888 -0.567488559883279 0.749666562505932 0.769719618236963 0.162693731558884
83.104845523619048 51.841411268016358 63.947251639872363 16.370320768430012 9.982662539943433 11.254419177787298 -0.442166457992446 0.859703511351793 -0.255731687508239 0.384752427289815 0.439353940847353 0.811747303264074 -0.810218731652761 -0.260534042365480 0.525040588571677 1.414251047995017 0.091886673183629
62.898184359114872 54.837142633962912 36.858460612961750 26.576651100864009 8.483307432158281 4.108768778287812 -0.616236604290203 0.643224658506423 0.454438649569087 0.240322305978462 0.703079668904208 -0.669271371285776 0.749998424519728 0.303217772999613 0.587844660905481 1.125235282989267 0.157775056463790
87.265065544739528 52.988567348768171 13.690027168559894 13.146491014394321 7.980565388738598 3.498867381543980 0.149693960360382 -0.976408212296085 -0.155623652419510 0.080041199838644 0.168847727934272 -0.982386813378429 -0.985487252357946 -0.134601068837503 -0.103428369936817 0.826497004980789 0.059190706640114
27.354203481563577 49.174484314302383 82.211773319424552 46.453966256582007 11.800752990329478 1.337011117228896 0.133655156368035 0.989403886537637 -0.056711978280203 -0.084126047877020 0.068345939098305 0.994108465247814 -0.987450812569836 0.128096767769483 -0.092369425905879 1.040734935733618 0.123417253921733
79.804683391256376 49.464731886542232 18.984791190275796 13.834241507276460 8.398063698635399 3.681908450339551 0.149693960360382 -0.976408212296085 -0.155623652419510 0.080041199838644 0.168847727934272 -0.982386813378429 -0.985487252357946 -0.134601068837503 -0.103428369936817 0.869734681248835 0.062287231607971
18.563594430595220 52.458913608513534 51.131898254645606 2.952532078561770 11.270495040326512 7.121249277743658 0.490004113368383 0.725065857242392 -0.483916802295001 0.693106330585607 0.012613993899585 0.720724983374419 -0.528677201498438 0.688564005608234 0.496366826849382 0.714302585872113 0.096224100363086
95.279165697194458 51.465214245085846 22.431702897473926 5.054981824136028 7.133997809841556 13.465722481037723 0.513200308306797 0.853187072845594 0.093259113672472 0.823926767183750 -0.520178050438808 0.224854348767853 -0.240354167577645 0.038556641073204 0.969919202592262 0.907287715036861 0.058187603629575
