# xi_x xi_y xi_z eigen_value_1 eigen_value_2 eigen_value_3 eigen_vector_1_x eigen_vector_2_x eigen_vector_3_x eigen_vector_1_y eigen_vector_2_y eigen_vector_3_y eigen_vector_1_z eigen_vector_2_z eigen_vector_3_z local_bandwidth scaling_factor
54.881350392732472 11.932938102861382 19.658236168005349 35.776750165607602 24.393984745998988 0.978333404641387 0.781183861589190 0.620030377915202 0.072897907068261 0.121330281816822 -0.036240401768432 -0.991950399966608 0.612397531924200 -0.783740367559305 0.103538877486449 1.095068097098658 0.236881367588896
71.518936637241950 8.340468563848678 36.872517066096414 36.971425495254202 11.950535482309864 1.471612868751257 0.763537401209520 0.606380919712424 0.222064894035342 0.047300818076802 0.290439109671645 -0.955723681919836 0.644028935346447 -0.740234627521475 -0.193078809439734 1.000000000000000 0.162397938653496
60.276337607164386 15.075325631480766 82.099322984793517 14.337900557535326 4.777568692257073 9.491932352796509 0.951382553404360 -0.278502446569575 0.131558444550555 -0.306891444669595 -0.893501910705155 0.327829188381462 -0.026246490554164 0.352265131429438 0.935532147450097 1.000000000000000 0.046164600757026
54.488318299689688 6.747939487454823 9.710127579306127 33.569066988549871 22.888700182815967 0.917963186860771 0.781183861589190 0.620030377915202 0.072897907068261 0.121330281816822 -0.036240401768432 -0.991950399966608 0.612397531924200 -0.783740367559305 0.103538877486449 1.027494507979841 0.222264081005746
42.365479933890470 10.102319155235634 83.794490749880396 4.746586262384843 9.394083052191563 14.581807648942416 0.469679639006354 0.882807221470124 -0.007241990269300 0.814095923328355 -0.429920553651205 0.390405103922060 -0.341538964575074 0.189261003031372 0.920614690523970 1.000000000000000 0.049189433791996
64.589411306665610 9.581444187052110 9.609840789396307 61.390308035155030 0.505949408244124 20.933422246016033 0.997008301431946 0.076384059033566 -0.011828879969962 0.077088706599853 -0.971479090218087 0.224244751518962 -0.005637214786474 0.224485751874358 0.974461065930731 1.000000000000000 0.290980196460505
43.758721126269251 13.427398517804233 97.645946501339580 25.183191166415256 3.119233753430559 8.277295398581877 -0.391279407397584 0.768169665593342 0.506769957879124 0.881675340067231 0.470716937411709 -0.032774373389486 0.263721481991755 -0.433982637551268 0.861458095463800 1.000000000000000 0.055268635027792
89.177300078207978 13.285586092832510 46.865120164770161 23.214091704022561 3.743457590836132 7.482083064150083 0.816144698330276 0.548301855684944 -0.182408624905267 0.104745262691045 -0.450816222231821 -0.886449752505134 0.568274811452318 -0.704364826510436 0.425363291603491 1.000000000000000 0.154990393579438
96.366276050102925 10.346472976796903 97.676108819033715 16.600843314919157 4.469899894941471 8.298273435752989 0.468519680825593 0.652165558546084 0.595960898822532 -0.288232161723475 -0.524829588845939 0.800922045907101 -0.835111686918161 0.547022839484860 0.057917902712591 0.982025692081167 0.047234342232194
38.344151882577769 10.845597100373057 60.484551974504598 14.872752680649350 8.455457849325207 5.170334646735216 0.846576910768793 0.432995551133939 -0.309551913015220 -0.493847933418159 0.422034776777988 -0.760263681789790 0.198549119393110 -0.796493251627514 -0.571118855668460 1.000000000000000 0.039891207217001
79.172503808266455 8.014850718843595 73.926357939830169 60.184718897350699 20.586456940220515 0.468003681389162 0.547412276515936 -0.799213219434306 -0.248189503003435 -0.032631281416718 0.275961066291537 -0.960614745548048 -0.836226643316717 -0.533951046232415 -0.124985124053093 0.962550059433451 0.191432671747939
52.889491975290447 5.570804447459797 3.918779225432067 30.506086884145187 20.800240789542919 0.834204440188142 0.781183861589190 0.620030377915202 0.072897907068261 0.121330281816822 -0.036240401768432 -0.991950399966608 0.612397531924200 -0.783740367559305 0.103538877486449 0.933741671882228 0.201983789680503
56.804456109393229 9.222044783908665 28.280696257640958 46.376983964292691 11.384659565544482 1.308142987412461 0.383190881704877 0.863852653923128 0.326991346197734 0.056896681360307 0.331265802974624 -0.941820436935704 0.921915134829894 -0.379501726069255 -0.077787685928000 1.020336782682686 0.162871391086851
92.559663829266100 10.349606923128514 12.019656121316890 62.989466337621202 15.663770678270810 0.658996174085620 0.491816750561169 0.862098097353032 0.122078476431085 0.118643297569911 0.072545697442548 -0.990283237121740 0.862577562778670 -0.501521676822504 0.066602971915322 1.000000000000000 0.167103290257124
7.103605819788694 12.751013594191674 29.614019752214492 2.801724362151195 11.952340325038206 19.416403176291041 0.989053748861355 0.146090245696048 0.020744203425718 0.048815126301217 -0.191284685443930 -0.980319974579123 0.139247137519934 -0.970601776851395 0.196322249033113 1.000000000000000 0.058314022199749
8.712929970154072 12.688603076657861 11.872771895424405 3.729134807667883 11.654075365231044 14.961021011084215 0.577687949593438 0.815978058651784 -0.021364472691724 0.307122467726281 -0.241534848462061 -0.920508939009355 0.756275361698535 -0.525205411983992 0.390136966347046 1.000000000000000 0.036071832775674
2.021839744032572 9.133910906767170 31.798317939397602 2.800175115153003 11.945731135490480 19.405666643910152 0.989053748861355 0.146090245696048 0.020744203425718 0.048815126301217 -0.191284685443930 -0.980319974579123 0.139247137519934 -0.970601776851395 0.196322249033113 0.999447038038745 0.058281776763665
83.261984554793798 9.324030499928385 41.426299451466996 20.845716708216109 4.562507706320030 6.836387887162310 0.775154197221131 -0.527820252636455 0.347191231797772 0.156408328162769 0.692773147756808 0.703989915146838 0.612104897392426 0.491397137409158 -0.619561496491102 1.000000000000000 0.141724739137601
77.815675094985053 7.655364292101019 6.414749634878437 59.764478554891191 0.492550103210921 20.379032211177080 0.997008301431946 0.076384059033566 -0.011828879969962 0.077088706599853 -0.971479090218087 0.224244751518962 -0.005637214786474 0.224485751874358 0.974461065930731 0.973516512096131 0.283274025947278
87.001214824681909 6.824743363198785 69.247211937001978 28.200878321804069 15.517441382774731 1.485813808726706 0.336204720952175 -0.939100564888066 0.071109174066257 -0.204778929263416 0.000803513518985 0.978807920123123 0.919256207887224 0.343641504176867 0.192037863110016 1.000000000000000 0.213476287132909
97.861834223276404 6.184663865780948 56.660145420657514 4.038302775482011 8.958786599374267 16.405867370470528 0.389594884625501 -0.914597689774483 -0.108290773996776 -0.870078087200015 -0.326955664361086 -0.368868697122111 -0.301960176261714 -0.237930786997772 0.923151662810947 0.970063228321644 0.129893567391828
79.915856421672359 14.362066392572302 26.538949093944542 58.564591453711117 13.259978641168740 0.837277066797997 0.019756919030435 0.999558419179106 0.022195287756438 0.095578109111598 0.020209717550931 -0.995216756478288 0.995225848342514 -0.021783800510422 0.095136621898435 1.000000000000000 0.186822555663128
46.147936225293186 8.860383076722226 52.324805346669969 44.321886790866564 12.368221818645582 1.084519150905827 0.487777452584431 0.858781198706220 -0.156741856244435 -0.035068164838171 0.198681747808020 0.979436463943851 -0.872263366515599 0.472250374099014 -0.127028357456970 0.970596075251117 0.107258524754446
78.052917628645545 9.020436082401641 9.394051075844168 43.061567088492524 20.330460501858930 0.847749765881869 0.965843169854870 0.251136892880631 0.063853208838398 0.090235956274583 -0.094971602391246 -0.991381796753627 0.242908302533917 -0.963281192473673 0.114389251184669 1.045087200468522 0.207327628600831
11.827442586893323 7.198664413032041 57.594649555617927 20.106458775464059 3.685261558210044 8.774921373925014 0.838314001459569 -0.514860209905379 -0.179300304553662 -0.106103564600930 -0.476665262898399 0.872658158000586 0.534763189211657 0.712537150892632 0.454223667439278 1.000000000000000 0.049203591520431
63.992102132752379 11.738521287490650 92.929619757621410 14.342643596219007 12.258195192323996 3.698208558175276 0.984652549754650 0.174424342325790 0.005958612748076 0.167377052081890 -0.934096476261184 -0.315354872283300 0.049439647025866 -0.311512314107574 0.948955109297222 1.000000000000000 0.039673676423253
14.335328740904639 6.391214704119827 31.856895245132367 2.238717767149740 19.254416682899240 15.084031351306722 -0.235478951509321 -0.916596029280897 0.323112027789997 -0.959646854218690 0.271871032506215 0.071861372601549 0.153712649395698 0.293151600354659 0.943628401769075 1.000000000000000 0.046650907591221
94.466891704958385 9.524298271889213 66.741037996368163 4.362288940884806 9.677534815732752 17.722082214918675 0.389594884625501 -0.914597689774483 -0.108290773996776 -0.870078087200015 -0.326955664361086 -0.368868697122111 -0.301960176261714 -0.237930786997772 0.923151662810947 1.047889751743894 0.140314707447317
52.184832175007166 7.997675897592966 13.179786240439217 32.670799432835970 22.276226301021772 0.893399604310860 0.781183861589190 0.620030377915202 0.072897907068261 0.121330281816822 -0.036240401768432 -0.991950399966608 0.612397531924200 -0.783740367559305 0.103538877486449 1.000000000000000 0.216316563523770
41.466193999052358 10.865140285877777 71.632720411856553 17.752752808944102 8.869388346288652 5.250218949326144 0.452042464050858 0.856211802918324 -0.250117890679937 0.305937156123459 -0.412215639137152 -0.858184550871104 0.837890247704267 -0.311415502815935 0.448285977260030 1.083336106134657 0.048341040721249
28.940609294720112 42.385504855817970 50.666880831010168 21.680733141670373 3.806764076366133 7.711316426894775 -0.780082698719808 0.593535934531723 -0.197954736183743 0.492633302013657 0.387606571661305 -0.779149263846210 0.385724529820366 0.705319955782143 0.594760747755208 0.992896022008082 0.198726595575275
18.319136200711682 60.639321412792434 52.965889029389210 20.359288833953329 3.437558407080273 11.660600997933152 0.875712011235052 0.352448711943156 0.330012694950164 0.333634942031143 0.052363130046006 -0.941246953815873 0.349021774155332 -0.934365029344204 0.071734183650956 1.078687125626463 0.151281156814031
58.651293481008317 1.919319830933353 48.446899050654125 34.177315562454261 13.979424624400744 1.299838511270131 0.712849063362547 0.700241263540031 -0.038837941487666 0.014886825449462 0.040257681665015 0.999078426098269 -0.701159464951573 0.712770293925623 -0.018273281205222 0.984819189120182 0.106078549374128
2.010754618749355 30.157481667454931 49.665406996045391 20.304083232346553 4.136253402926167 6.065872021420447 0.273173561104532 0.730502024110684 0.625893759581977 0.918289402175918 -0.004201029361258 -0.395887515847242 0.286567233585528 -0.682897608812990 0.671959877159818 0.921889515352388 0.054218762390003
82.894002921736316 66.017353749268509 49.026967077699950 19.606108059980848 9.597958511558378 4.527688982269900 0.783524712221540 -0.534109401852399 0.317515625113202 0.602047269188330 0.778981542481138 -0.175290736026132 0.153714381243361 -0.328504038524005 -0.931910395731473 1.094292029821895 0.120740033254460
0.469547619254707 29.007760721044406 54.135079405204522 22.620068187865773 3.402489248770485 6.799458670307595 0.416403753611664 0.743374390374469 0.523452413991476 0.861377681940757 -0.138336032014438 -0.488765415409959 0.290923362816543 -0.654413980582542 0.697929752185438 0.930192050629934 0.058088452731065
67.781653679623005 61.801542899884154 51.503296777596510 12.087573430569485 10.033714887653794 7.187888572996215 0.823487177550784 0.563555093857760 -0.065379848549944 0.567316789419437 -0.817054386635146 0.102828934269923 -0.004530877648507 0.121769394624577 0.992548077264018 1.102685574365684 0.188604187888162
27.000797319216485 42.876870094576617 50.911112364072011 21.229246818952582 3.727490838553460 7.550733577867383 -0.780082698719808 0.593535934531723 -0.197954736183743 0.492633302013657 0.387606571661305 -0.779149263846210 0.385724529820366 0.705319955782143 0.594760747755208 0.972219646772599 0.194588251208586
73.519402212259493 13.547406422245023 48.278415320570481 17.302923698818162 5.952155921025727 7.485806551041300 0.819593739098386 0.568234559849663 0.073318400304327 0.544353770695928 -0.732372036802887 -0.409035661083866 0.178731852672797 -0.375154214559360 0.909568161348285 1.058429049983481 0.116396360061309
96.218854511743828 29.828232595603076 51.205797848540293 2.673568207248150 9.364644467990850 20.651612541291673 0.601781167139918 -0.795303683545384 -0.073153795628534 -0.184197480533200 -0.049080869381683 -0.981663056463856 -0.777129792918107 -0.604221084703174 0.176028877628584 0.926466664223140 0.119047405966578
24.875314351995804 56.996491070126488 48.492146331321806 1.660159853341399 16.607679270754662 19.704953287140665 0.152512035278344 0.801912629289389 0.577647136305059 -0.028246354630974 0.587782728131108 -0.808525576565648 0.987897880625988 -0.106993455392984 -0.112295048678698 0.941880290812076 0.219251164010180
57.615733441783689 59.087276124817322 50.071175292063216 4.728082244645509 10.992561436644765 14.279133402393249 -0.510224125103850 -0.686773825803117 0.517699772410381 0.755301902076949 -0.069923038447003 0.651636252378028 0.411327580987408 -0.723500159561896 -0.554397998041983 1.045072000190635 0.204662006228858
59.204193127183899 57.432524884957878 48.578204945518166 6.953307375062944 11.123099874827966 9.771472423156162 -0.285008402360962 -0.951268397565627 0.117722752161911 -0.060815646809260 0.140515178211767 0.988208956544762 0.956593784051947 -0.274488470586723 0.097900009336763 1.051421158433755 0.189699900158720
57.225190579087339 65.320081985713358 51.512550829744541 13.898608393105190 6.501299249669743 9.416536401065816 0.975143899617514 -0.220491600415931 0.021859304306618 -0.026771595738758 -0.215179955090777 -0.976207390152693 -0.219949213911640 -0.951357472810906 0.215734332516869 1.093801485240625 0.172170971441240
22.308163264061832 65.210327000168888 51.289296261153126 41.414554786254705 10.800335376491141 1.563738557344679 0.088619936496485 0.985361862857455 0.145631404859820 0.996053580598242 -0.088382242872590 -0.008114414472586 -0.004875595633493 -0.145775781153443 0.989305640434908 1.024634752219455 0.205671032460141
95.274901151698501 43.141843543397393 49.534229822898993 3.239031752165928 10.459576668025377 17.934354075453975 0.863217544995428 0.468002301394496 0.189286333108132 0.206638904629717 0.014543155305391 -0.978309184116756 0.460603770181593 -0.883607572694587 0.084153576105139 0.977663282059206 0.065925778345476
44.712537861762733 89.654659585106302 50.885497929057664 53.621733356071232 43.718491081575714 0.319674695446461 0.741144550356263 0.670522466576060 -0.033232172573730 0.671105950720547 -0.741294055232424 0.009996328553010 0.017932049093296 0.029711033200236 0.999397666658018 1.048469283054086 0.214367888906791
84.640867247112780 36.756187004789652 47.555840162890107 25.375002157885056 12.008387805468502 2.133812946533917 0.225176172135510 -0.973300790159645 0.044511384802212 -0.935466868357913 -0.228743632702180 -0.269403208412315 -0.272392051475512 -0.019024257484111 0.961998257753173 1.000000000000000 0.097229181188060
69.947927531750437 43.586492526562679 46.665446650747569 20.074524819209046 3.366369481991764 9.249565702441254 -0.786142019436516 0.614481052813504 0.066285450963873 0.565094739269873 0.671209008288955 0.479735763562893 -0.250297145260969 -0.414598001593067 0.874905615566185 0.986946821525117 0.151070663292575
29.743695085513366 89.192335501567214 50.982509712776782 90.756160748255837 20.162165475995273 0.419825880550722 0.726262527254098 0.687412413134180 0.002629786214560 0.687414938042714 -0.726264894364223 -0.000078548426445 -0.001855926243947 -0.001864801106449 0.999996539021316 1.057170704635411 0.235368361774285
81.379781970247720 80.619398904608573 50.372693265700470 29.178406214117405 12.793860371205115 1.639137115901012 0.526560937882396 -0.850110892847825 0.006711822247765 -0.842272130595706 -0.520601620679535 0.139827073800505 0.115374333012947 0.079280655946549 0.990153190609667 0.979964717172333 0.101785933627244
39.650574084698462 70.388858354036628 51.419973460740117 36.503297321941282 58.561595332060598 0.348461343889308 0.998192952010000 -0.059886120805536 -0.004948039250708 -0.060049252162525 -0.997164299138625 -0.045359098735497 0.002217627625038 -0.045574258723974 0.998958492165454 1.046367289225862 0.237360273244502
88.110319711116162 10.022688731230112 55.328873716819203 28.200878321804069 15.517441382774731 1.485813808726706 0.336204720952175 -0.939100564888066 0.071109174066257 -0.204778929263416 0.000803513518985 0.978807920123123 0.919256207887224 0.343641504176867 0.192037863110016 1.000000000000000 0.213476287132909
58.127287263585870 91.948261374467350 52.111920336264696 58.394749540205829 39.452413591347970 0.335423066537735 0.878957107778042 -0.476614955332239 -0.016510210177544 -0.476230831890263 -0.879030580146679 0.022570642970467 0.025270485621899 0.011975955938478 0.999608913043393 1.059248167452925 0.226037394530697
88.173536185485275 71.424129954911137 47.958867452534221 20.806310333636677 8.247349636350945 4.469704444716195 0.885674278573102 0.347971712370267 -0.307403252526903 -0.371298197132276 0.928320637321694 -0.018932594353812 -0.278780776023629 -0.130906385301666 -0.951390980200525 1.056607564289286 0.080651992929935
69.253159007776588 99.884700656786649 52.497724352156816 47.435107703058229 23.207431553920085 0.486523306075442 0.735432292140094 -0.675630964665189 0.051595961694238 -0.676974649517754 -0.735888291167967 0.013181306164581 -0.029063165482818 0.044623116290506 0.998581048240273 0.937406210926621 0.174265643501779
72.525427981964057 14.944830465799374 47.057541578000517 17.403050447447235 5.986599234195182 7.529124633226057 0.819593739098386 0.568234559849663 0.073318400304327 0.544353770695928 -0.732372036802887 -0.409035661083866 0.178731852672797 -0.375154214559360 0.909568161348285 1.064553856477116 0.117069910340329
50.132438192670229 86.812605736821425 48.967865446266934 63.022851891925363 34.317657421936730 0.346258094492442 0.438825342044098 -0.897410300937883 -0.045684471655688 -0.898373620523175 -0.439230173979867 -0.001300851143779 0.018898601217092 -0.041612570651126 0.998955072481161 1.048228976555298 0.244090389706422
95.608363472322395 16.249293467637482 49.847407131600413 17.043198218669573 10.088054762366809 4.085168289735416 0.675870117107931 0.622632167527218 0.394371358951015 -0.164767184876093 0.649191409480830 -0.742564669671470 0.718367148182960 -0.436897811640951 -0.541358423408031 1.026062415902356 0.150384223429310
64.399019922963745 61.555956428384420 53.831150794362486 17.038199539519283 8.835148937012342 4.319262148395468 0.698472585390368 -0.619240555915152 0.358716017718737 0.556415298837192 0.154694807027346 -0.816377077029170 -0.450042289877312 -0.769812087842654 -0.452605000782492 1.000000000000000 0.179978608253238
22.741462797332325 47.687362700527373 28.173010575394908 25.775664226914785 12.519438411312956 1.607629300956794 0.351103719671634 -0.935619251617266 0.036644154184388 -0.035733504507359 0.025718214651798 0.999030374959013 0.935654473985116 0.352072704761773 0.024403193917278 0.927494115229203 0.090942311894785
25.435648177039294 51.524091675968940 58.641016618632669 3.674575439188349 11.547808193254715 14.565058219848618 0.637217376318900 0.723341223471507 -0.265953924099646 0.753487241092176 -0.657220894985850 0.017823375249930 0.161898093962093 0.211750252941387 0.963820957206628 0.983234869576416 0.133733418310504
5.802916032387562 48.203521377127011 6.395526612098113 15.153903850156638 4.377691559607046 8.781042090248372 -0.391221812140113 -0.919984989126426 -0.023939788801392 -0.913956230222058 0.391443309807982 -0.107033380049667 -0.107840173145678 0.019993873777280 0.993967173536072 0.964027750360500 0.039550114280374
43.441662555812080 48.458119823080679 48.562759593462289 27.978583071283225 2.844765090450031 7.001095538936809 0.963628137717421 0.263728567344472 -0.043221001442427 0.225984989884984 -0.890452598297467 -0.394999942445531 0.142659021957737 -0.370865761363490 0.917663876646749 0.949868890272067 0.141005723507434
31.179588199410258 48.981398356174559 97.749513974444682 14.113984569826316 8.398254786483731 4.609789807882493 0.947903776200499 -0.308853591432614 0.078024932707497 -0.244485633221441 -0.548316808406508 0.799734613960914 0.204218525636496 0.777147435611851 0.595261839116853 0.943678853231061 0.046478864014099
69.634348881545947 50.039084587769558 87.650524531659073 4.609749766412119 10.343027231719882 15.912784021523057 0.495950133349864 -0.867913544475505 -0.027559835743682 -0.728165566125437 -0.398383923389380 -0.557732156051726 -0.473083896935283 -0.296675460563983 0.829563317390345 1.052789026786268 0.054362265049950
37.775183929248094 49.208445550816180 33.815895183684560 29.283128768077749 2.509347315679250 8.848484319046436 0.991823181794824 0.095032815125230 0.085179458226532 0.099487579445402 -0.993798468035104 -0.049667156825957 -0.079931205361150 -0.057735335631252 0.995126943374090 1.000000000000000 0.127340518379163
17.960367755963482 46.925515442166052 96.157015454149857 19.930352036181507 8.948243149995946 3.369350236848887 -0.288834490812122 0.752867395555800 0.591409605625685 0.527130357078770 -0.390610111023103 0.754690219767374 -0.799192231921276 -0.529730521940680 0.284037586528868 0.974055990844936 0.056535642442043
2.467872839133123 48.560825499695817 23.170162647120453 2.255829519837528 9.887945553348139 22.753847007612517 0.679519825256086 -0.722386682537525 -0.128102646250444 -0.733399333087708 -0.664217328875655 -0.144709219636471 -0.019448015591412 -0.192283178967166 0.981146754454112 0.920746363684204 0.057509759415679
6.724963146324859 45.028319410238872 94.931882241568147 27.253205020990141 10.967985502878340 2.101138855664864 0.347697850852616 0.873247421071283 0.341387091297878 0.157047504540327 0.304719710793746 -0.939405119834586 0.924360473965719 -0.380243132017042 0.031190939770105 0.988516726313554 0.071828816514387
67.939277349856724 51.398060026167620 94.137770470649855 18.279682614536394 6.471696179895076 4.874530495525237 0.906664430194931 0.390557025544553 -0.159451625319698 0.017010391809004 0.343824780065359 0.938879740533106 -0.421509498813260 0.853961199593283 -0.305090170276584 0.960780415009744 0.041754656359231
45.369684455604528 46.417690178189368 79.920258735239173 46.278112754456885 27.522106996689267 0.477584590740237 0.982519032091251 -0.181012996364814 -0.043481567652315 -0.051281113236901 -0.038631554303118 -0.997936796814964 -0.178959769232236 -0.982721678889377 0.047238785306015 0.978032970142885 0.126183795419257
53.657921110872223 47.530523779819760 63.044793686679114 3.333642094231398 12.662653730405234 18.884435058830366 0.359470320986449 -0.829917634086098 -0.426635452069837 -0.871560275643541 -0.135243776217640 -0.471266174167581 -0.333412318683721 -0.541244715103369 0.771939365573889 1.070286843729861 0.148559239423945
89.667129304034205 50.116644663279203 87.428796662494705 2.548080237932395 12.791387468383569 19.948781997739200 0.808429205191315 0.581475938939885 -0.091257616820282 0.541405806056003 -0.795451530778226 -0.272280398397361 0.230915511307898 -0.170712022472219 0.957880698219176 1.000000000000000 0.044867756763189
99.033894739670430 48.346286866425594 29.302028450779673 3.063684656625878 17.059331344310547 9.864650217215770 0.961821556882844 0.209362392225189 -0.176257429452517 0.208277486231931 -0.142167862345968 0.967682172846481 -0.177538112652948 0.967448028391047 0.180345587464470 0.925579099864894 0.064064949131208
21.689698439847394 53.450285525603796 84.894355531291822 43.983031107942978 13.011323628802844 1.343940887467092 0.086789886827572 -0.995856484601271 0.027154697973946 -0.158758549271898 0.013083527992818 0.987230745230487 0.983495418686604 0.089992685107514 0.156965212864508 1.057579980143059 0.120876515373874
66.307820310010072 47.109084064678058 61.787669191752379 15.586163219410524 8.128088823533666 5.132387961795484 0.782517954208258 -0.591877555091346 -0.193252713100781 -0.472853334592952 -0.766855829493066 0.433983710220589 0.405062186961518 0.248219855272685 0.879949730463258 1.000000000000000 0.170780830864453
26.332237673715063 50.597143897315185 1.323685775889949 17.727736371972657 5.404632467853143 5.105866889152804 0.498202872124532 0.667972619209897 0.552816857732050 0.292879641323473 0.470456523141997 -0.832401450942619 0.816097674243164 -0.576613596630373 -0.038747209910969 0.909523518490481 0.042775425618195
2.065099946572868 49.912160948095554 34.723351793221958 2.080778144990899 14.559598552134037 20.997179233196626 0.779417988271212 0.523839278929559 -0.343656819239508 -0.608980271382349 0.762295038568816 -0.219201512860765 -0.147141525839366 -0.380129825222814 -0.913154251673689 0.992726613999091 0.074804880937793
75.837865383614144 47.388063534975188 14.814086094816503 5.182061952066921 9.822320725925328 14.610444828151126 0.878205792983088 -0.477951633074894 0.017799483475288 -0.185566994052634 -0.306195210542313 0.933707333032797 0.440816828046769 0.823290185464390 0.357594455534192 1.045789644928677 0.052594025002796
32.001715082246783 51.170082183988086 98.182938981825316 25.930605335217280 2.486326235888625 8.652340570534070 0.998279293266933 -0.055733589983232 -0.018226891727692 -0.032665290530868 -0.270418159072647 -0.962188649921778 -0.048697345194641 -0.961128392147137 0.271773402634718 0.950208866126232 0.061240061578783
38.346389417189798 49.616410742096356 47.837030703998806 19.585361206027923 4.478000155803371 8.689995011372877 0.976820218767038 0.197005083872438 -0.083733249885148 0.134478249790259 -0.260425574421024 0.956082695440530 -0.166546871904770 0.945181208613403 0.280881865457425 1.054377248719869 0.137398349146260
58.831711355360575 51.725776136905793 49.739136549866267 4.467851052419654 10.255698574287617 13.656344927416686 0.876459605800139 0.480231386983438 -0.034588644908811 0.340384752799715 -0.668830732964302 -0.660911242682337 0.340524271472888 -0.567488559883279 0.749666562505932 0.987302926804170 0.208683777228773
83.104845523619048 51.841411268016358 63.947251639872363 11.575258007860914 7.058621278093340 7.957865185069284 -0.442166457992446 0.859703511351793 -0.255731687508239 0.384752427289815 0.439353940847353 0.811747303264074 -0.810218731652761 -0.260534042365480 0.525040588571677 1.000000000000000 0.064971967539919
62.898184359114872 54.837142633962912 36.858460612961750 23.618750231739327 7.539140978251035 3.651475242913267 -0.616236604290203 0.643224658506423 0.454438649569087 0.240322305978462 0.703079668904208 -0.669271371285776 0.749998424519728 0.303217772999613 0.587844660905481 1.000000000000000 0.140215169972852
87.265065544739528 52.988567348768171 13.690027168559894 15.906277863281421 9.655891480119877 4.233369704255984 0.149693960360382 -0.976408212296085 -0.155623652419510 0.080041199838644 0.168847727934272 -0.982386813378429 -0.985487252357946 -0.134601068837503 -0.103428369936817 1.000000000000000 0.071616359506941
27.354203481563577 49.174484314302383 82.211773319424552 43.715251736080461 11.105034278412427 1.258187024134199 0.133655156368035 0.989403886537637 -0.056711978280203 -0.084126047877020 0.068345939098305 0.994108465247814 -0.987450812569836 0.128096767769483 -0.092369425905879 0.979377938470051 0.116141134084538
79.804683391256376 49.464731886542232 18.984791190275796 15.549382427432102 9.439238431057639 4.138383916965075 0.149693960360382 -0.976408212296085 -0.155623652419510 0.080041199838644 0.168847727934272 -0.982386813378429 -0.985487252357946 -0.134601068837503 -0.103428369936817 0.977562605223112 0.070009474976200
18.563594430595220 52.458913608513534 51.131898254645606 3.926158472014113 14.987051252606816 9.469551029148187 0.490004113368383 0.725065857242392 -0.483916802295001 0.693106330585607 0.012613993899585 0.720724983374419 -0.528677201498438 0.688564005608234 0.496366826849382 0.949850865115576 0.127954940640812
95.279165697194458 51.465214245085846 22.431702897473926 5.173342503562311 7.301037941176307 13.781017791143769 0.513200308306797 0.853187072845594 0.093259113672472 0.823926767183750 -0.520178050438808 0.224854348767853 -0.240354167577645 0.038556641073204 0.969919202592262 0.928531548174725 0.059550046569904
