# xi_x xi_y xi_z eigen_value_1 eigen_value_2 eigen_value_3 eigen_vector_1_x eigen_vector_2_x eigen_vector_3_x eigen_vector_1_y eigen_vector_2_y eigen_vector_3_y eigen_vector_1_z eigen_vector_2_z eigen_vector_3_z local_bandwidth scaling_factor
26.494746752403547 10.565907751154285 11.384144531132039 14.017027865369187 4.607836754126737 6.124278939095040 -0.364669134365824 0.767506847647875 0.527209314461061 0.909529799684906 0.414877480777439 0.025143974007710 0.199429099998008 -0.488681813409694 0.849363361180948 0.620939435659721 6.052060592982059
27.169101554140337 12.641125838188323 8.617920368071555 14.188973531600142 3.846630395442488 7.347342591480056 0.572924706175224 0.716603917563546 -0.397789022456140 0.555073189277498 -0.696340116241360 -0.454977139050169 0.603034854381850 -0.039865622352454 0.796718078466349 0.623783415348698 7.261866744651603
25.343627925518280 9.785948583262465 9.854026499900971 13.208634875795900 4.376879161600046 6.753673125898998 -0.313632295334814 -0.931195821475365 -0.185766319309600 0.111198172603576 0.158272414077722 -0.981114065413210 -0.943011001914952 0.328365931559336 -0.053907933168768 0.618254696618529 8.286970430225914
24.580673970131322 10.203708371908368 12.056653316946923 14.083116264468867 4.747324944502235 5.712783462868311 0.265234783662660 -0.738781750636397 0.619557934709938 0.963844739058133 0.220198999836596 -0.150052389054362 0.025570070891200 -0.636956768860795 -0.770475337747442 0.613731494275573 6.122566993197842
25.076269872380447 10.172074458526128 10.627717403587347 4.252236275925692 7.611707295507370 11.734070339893398 0.943624366417583 -0.330922379745237 0.007964526775860 -0.199006252575378 -0.586364300673674 -0.785221891143757 -0.264517611018471 -0.739369518900544 0.619163264399511 0.612579745067669 7.659846630951541
24.471886759188408 12.112946888517310 9.709862400949488 4.602501224812011 9.548135384342743 8.900619212079375 -0.078123412867834 0.995251356409399 0.058064360214619 0.856557615122402 0.037207681738324 0.514708306126376 -0.510103699592255 -0.089946239415057 0.855396919375668 0.618620273510087 5.329832177256780
24.442744589615678 8.792126221914426 6.389527177847055 11.108255100006117 4.320922260779350 8.360673771605045 0.985327471310307 0.143127476300359 -0.092974726722519 0.170429544023459 -0.795935650656751 0.580896041075828 -0.009140284743531 0.588218467528438 0.808650412510439 0.623927947951270 8.179003075008891
24.924356282291011 11.222497396233360 8.950420162622304 15.578789583229311 3.989783027611458 6.278234126871685 0.682493874677851 0.707948512902620 -0.181689334046285 0.730869224624388 -0.659117703840715 0.177183602459961 -0.005682211203322 0.253717866069208 0.967261576262145 0.618139856465644 9.139486949361784
27.209917772502319 7.943216338332531 10.064712315761788 11.828981014954300 6.225518578230576 5.464172193958303 0.135877406070850 -0.791198978096383 0.596273014296887 0.637411200543436 -0.390934563852578 -0.663985789160558 -0.758448608635570 -0.470291764593675 -0.451199916017429 0.624495044129665 5.734121949137514
23.735282060636255 12.167677153069308 12.077987100384831 10.019206317505438 6.691963570082375 5.732995598428571 -0.654544812242226 -0.555175944393510 0.513177122963956 0.529905215569380 -0.821039895669848 -0.212353366422133 -0.539232372247028 -0.132940439615710 -0.831598032847376 0.615039128950637 5.260846021822257
24.219128750875377 10.534802564002575 8.744481355219957 13.710513933335415 4.469150839444247 6.361857171840533 0.546450601857170 0.808094689446894 -0.219942521167835 0.797915681450104 -0.582130198385886 -0.156380936892015 0.254405788114091 0.090041129573858 0.962896822073431 0.617922679293960 10.637410697915604
21.198730770336994 9.507977919908582 10.221110832569900 12.547080656982134 5.291185628532509 5.814098493512668 -0.580964457906387 0.795658812613031 0.171485721157062 0.747264679605770 0.437899943176395 0.499839112495006 -0.322607807195087 -0.418533981508468 0.848972030787497 0.615893950958815 6.310916666616207
25.739893766346370 11.700421889275026 9.452237161750867 13.152245195109076 3.847426516816858 7.746238517526981 -0.527784457844682 -0.811123335755539 -0.252036704173027 -0.709294320668274 0.584131514540347 -0.394578180324928 -0.467274151569854 0.029484028110255 0.883620710124580 0.619061239864045 7.223487594845739
23.572479350193671 8.517122175935596 7.991791374428427 13.689646150804103 7.733935150520248 3.735989113124057 0.948555908600356 -0.316601342228978 -0.002297467771903 -0.149405153697427 -0.441205184234380 -0.884881961310861 -0.279141161973654 -0.839703266340864 0.465809656607162 0.620934844472788 8.255003127162876
21.586969555345181 12.758813021080531 9.279242972473774 12.797506577096925 7.622328162521094 3.987708488672029 0.716470831875717 0.689887017814868 0.103563747140716 0.606634708834923 -0.542821175185617 -0.580809350653787 0.344476235911982 -0.478958322216676 0.807424949126109 0.617483537333902 6.366010703951287
23.380469381334340 8.228279810939309 11.099537405831772 10.311541034370567 7.429326234332237 5.008656185000882 0.626518084104108 0.767929124053610 0.133266465101964 0.221352539305123 -0.011367664995643 -0.975127596540945 0.747313952521757 -0.640433943996414 0.177105109309433 0.614673734944158 6.632136537911625
21.717603775698798 9.699139810458353 8.733619044508307 14.389801934110364 7.831767195826766 3.418032332734258 0.795313769957396 -0.605838956596354 0.020860632454364 -0.573123485117997 -0.762687088806659 -0.299729670492972 -0.197498045869716 -0.226423415833843 0.953796078121408 0.615474643184643 8.067480719716675
24.547162759788595 9.277612446720244 8.330333953039915 15.348765907294059 3.507792189824709 7.281973522374801 0.213126428634684 -0.705067668386930 0.676355460104258 0.526080524028106 0.666152718702564 0.528658526464385 0.823296063184889 -0.243146331168290 -0.512897118322634 0.619106531942410 9.980840902436507
23.960144310465580 10.605752740500753 10.094069558025664 13.233979163023292 3.644850637041302 7.849788891486113 -0.489928758490978 -0.860950685793143 -0.136871210397969 -0.659409811268989 0.468687626716937 -0.587801505071772 -0.570217951669082 0.197726642602258 0.797342876308276 0.611959434194117 9.563663118804977
24.427759860020327 9.102933092203484 9.487006523429960 11.424266856030622 4.459304986619753 7.671987043216343 0.278372202790429 0.844767095511026 -0.457031148889733 -0.288529208737526 -0.380311705027634 -0.878700121044871 0.916111244565256 -0.376472524045034 -0.137871774559767 0.618463926259992 8.587950084296024
23.048997314595766 9.491515042555243 8.850037499739475 16.078032757596176 7.354177863704368 3.314751511472410 0.998994787550903 -0.037471685408022 -0.024602586018715 -0.044118867846673 -0.724769664069930 -0.687577238965840 -0.007933469988209 -0.687971516006762 0.725694324917388 0.619040770734696 9.627231650750407
21.558667731293824 10.250918456694796 9.431795950911317 11.503686372408758 6.866535419975533 4.863159824871080 0.661673284747181 -0.749791249471138 -0.001243570820806 -0.747358334557531 -0.659658009249121 0.079415556416109 0.060365420724693 0.051617759056330 0.996840821260212 0.614909205343303 6.808203747625392
21.694551388362420 10.654472942190161 8.716886347970293 14.386671548558146 7.830063457930274 3.417288767320335 0.795313769957396 -0.605838956596354 0.020860632454364 -0.573123485117997 -0.762687088806659 -0.299729670492972 -0.197498045869716 -0.226423415833843 0.953796078121408 0.615340751631472 8.065725704240894
24.073461883237737 11.031089761229698 10.182409381707489 14.377785868441709 4.230612771775909 6.229657464625159 0.089846056279318 0.969805262537233 -0.226727675695188 0.534167832950958 -0.239058630742532 -0.810873416328334 0.840590514109891 0.048256852597268 0.539517250665699 0.612115062242384 8.460985088363664
25.611355901058324 8.253692577687382 10.568997005660739 9.090711363769259 6.298764923806051 6.721448535994982 0.853653978324035 -0.509482058598528 -0.108180022452177 -0.190977981872266 -0.499421668638721 0.845047576964819 0.484564026452175 0.700718223582290 0.523633149645947 0.615297707281302 6.150100246553819
23.031532281742255 8.768506861551156 9.181382953515044 3.664166390732913 10.851570431887760 9.619451074061386 0.264645714400712 0.846846114846087 -0.461318007040073 0.863371696605956 -0.421171554555118 -0.277855781176814 0.429595110946446 0.324755568703160 0.842604213879326 0.614024836329793 7.870953543953817
23.559398183673789 10.079429788716633 8.352229292967325 14.123893346450872 3.596040638029799 7.703196662436671 0.977668747058546 0.158548040119103 -0.137935999649706 0.199342348455488 -0.491860835906663 0.847546781135678 -0.066531564968990 0.856116485693150 0.512482305828393 0.618675972722114 9.498421352183136
25.273961035195523 10.658546137754561 7.827423343756712 18.021530848234033 3.300854203477719 6.604272937641313 0.231960604787603 -0.724882255783290 0.648644735642784 0.738644970976045 0.565152693598886 0.367431680411095 0.632928024879897 -0.393888497126345 -0.666523793388639 0.619527981189841 9.759394073223266
26.104706436697249 12.681192185498803 11.667046056582318 4.289691579896985 7.837460437436819 11.870771799098481 0.644722491081232 -0.718701778146925 -0.260385605559254 -0.749751102449143 -0.660940120898776 -0.032116054592789 0.149017428075733 -0.215930337550703 0.964970411699205 0.622787723773229 6.429389317227062
23.745547856986420 8.485727120713245 11.491219933093745 12.655324883494055 6.296175119662517 4.810247690293928 0.883504882612149 0.370447975940322 0.286683483169526 0.247316775588978 0.150856830065860 -0.957118921208202 0.397810928598956 -0.916520874800023 -0.041664747005555 0.614448884722613 6.494481401725539
31.725042547491825 73.865710736853316 40.658623310344517 13.526580938245468 4.292513147054471 7.595913530867924 -0.611809389288711 0.772975991724125 -0.167920777142913 -0.029193368421143 0.190078005375649 0.981334855751411 -0.790466329718352 -0.605292051897694 0.093725735478992 0.643882282780355 1.869147982125769
36.088403807120812 71.126929496619297 42.234380545047792 4.137311798497927 8.599065329537016 12.201046650762793 0.808912257796883 -0.473177902220100 0.348946460128963 0.141912981628980 -0.418824129657180 -0.896909724588868 -0.570545059422235 -0.775041302942941 0.271641885395804 0.640474893927766 1.395000512616079
33.033203980956756 75.647418366832298 40.401331275561873 12.854436864027889 5.477318686280007 6.397962194638720 -0.405043078305709 0.723378357593096 0.559163532861855 0.314244184713409 -0.464176067267690 0.828125093780949 -0.858598099864215 -0.511140225712883 0.039306139059224 0.648436559657873 1.710583820374073
34.271201983646485 75.955045380031507 35.738011629659731 12.157891398704388 5.319288917386987 7.260097180924586 0.992395096803158 0.108651703098626 0.057851354822673 0.005873919773254 -0.511244497662989 0.859415243450926 -0.122953116705304 0.852539659501589 0.507994744135573 0.657452940808751 1.345009261247507
28.982373671709507 73.065501554048851 36.290258063386830 5.567706833014936 8.221130938257769 10.290035675277975 0.785507053437666 0.548086455588001 -0.287367197502878 -0.409985709445228 0.113052507593605 -0.905058477987744 0.463562711022326 -0.828746262572435 -0.313511156455159 0.658144893914046 1.578256168002126
39.146269855208736 68.692021937321840 37.636340347795525 4.236794929447378 9.042508239246883 11.957160531637324 0.869994402419999 -0.480945391426635 0.108633651431537 -0.402367892674713 -0.565180956908591 0.720187867776457 0.284973364899912 0.670270107056379 0.685221252504803 0.652075755819082 1.512277769392329
39.080876612137835 74.681798850501934 45.905739979604228 11.147220975099392 8.120114695992648 5.632149572653703 0.665269672131315 0.559204806836960 -0.494677922847513 -0.745975359681324 0.470701581421480 -0.471127142070628 0.030610881898637 -0.682444140760074 -0.730296493659687 0.675741978653496 1.170219788228547
35.865164781979146 67.276565255788299 46.040155730655641 11.929820579154885 7.487864651761798 5.391359527939893 0.210815946235053 0.921371228846780 0.326545089484428 0.752007174021011 0.060560094140355 -0.656367035444837 0.624533303382576 -0.383936887588423 0.680110740479050 0.663045469301316 1.332140836496782
32.152498927190628 72.537589933686178 42.995473736241465 11.070912917996141 5.852202281944886 6.825022255392597 -0.120091937415972 0.985310052236946 0.121416751432848 0.878432373421657 0.048483238501222 0.475400821317367 -0.462530530767939 -0.163748210815451 0.871350693786530 0.644439560942875 1.613200321781737
32.509815045518231 71.941889474415674 42.916273555553069 11.040203053414540 5.835968720998840 6.806090166342486 -0.120091937415972 0.985310052236946 0.121416751432848 0.878432373421657 0.048483238501222 0.475400821317367 -0.462530530767939 -0.163748210815451 0.871350693786530 0.642651934954469 1.608725427634175
34.190362047890460 66.523389440364141 40.943111915701216 13.195448600513091 8.156671278888780 4.119843426043484 -0.371926606438315 0.772287098683361 0.515017705162177 -0.201406382415976 -0.608740254597980 0.767379157622942 -0.906149032193595 -0.181680873069302 -0.381950247827368 0.645038828526468 1.457876466590217
37.194400489855802 67.803583573700536 39.526814035932240 16.021258101546064 3.874397855322135 7.118371879286832 0.084562261729836 -0.995961593465392 0.030161701427675 -0.558378469112324 -0.072436442210156 -0.826417840484892 -0.825265235619987 -0.053042117056281 0.562248899238829 0.644278664274707 1.830259309186451
31.623923644647739 75.847885376329913 42.125982691148756 16.423561382827529 6.262960822385669 4.509435368480932 -0.500720156323193 0.830117970390026 0.245323215956461 0.402515803955663 -0.027613064609529 0.914996473342273 -0.766329141177342 -0.556903648666817 0.320309184201739 0.654791421619668 1.766748279935879
34.288507462116449 67.565311597577036 41.705255670885975 5.480140612829271 8.202361451606198 9.745541689007968 0.663317685165161 -0.618530614566306 0.421223844756395 0.741854421144855 0.469574146261875 -0.478698379974555 -0.098293775870928 -0.630015872821200 -0.770336506741292 0.642429453988142 1.467895303005426
30.867572891681274 70.100657063341671 37.989278151036793 5.512539751483690 9.766996968201248 8.153215048703316 0.824910471134336 0.538105980067544 0.173103058403009 0.467307317491735 -0.821492825591401 0.326762005931739 -0.318035510016737 0.188657074390027 0.929118895863705 0.642875896114760 1.431324400042099
35.139069897203406 71.823340258439671 39.341301498594831 3.951090987390587 12.582045367986760 8.584437470238882 0.822368656367167 0.542449302460251 -0.171634924433369 0.563919085679976 -0.817165357101709 0.119314894119284 0.075531833227595 0.194909038818684 0.977908691420654 0.636854107595434 1.699996042424891
34.252283180726643 66.543436009751574 35.284229429030589 12.451656423581127 5.582059047040607 6.661850541790670 0.862283293633453 -0.490183796419712 -0.127229584799304 -0.425946962654065 -0.566100254555853 -0.705761777654170 -0.273928287196524 -0.662759645361240 0.696931091252372 0.654413215662503 1.636247009183107
34.389478560972222 70.527067870958732 42.008145726388534 6.175573743026527 7.893460347704051 8.810995304198173 0.692768587159815 0.616483018163180 0.374192962201335 0.589188404633418 -0.184635340462691 -0.786617324305633 0.415846977252596 -0.765413926819105 0.491134209907268 0.638219132061838 1.589530239463954
40.536165482499243 72.986706382197070 37.113402668772750 4.230891546640281 14.053512232612519 8.063158917655192 -0.938954225756416 -0.343693642685093 -0.015480371830811 -0.342712274809596 0.938329943832468 -0.045664134746969 -0.030220169241759 0.037571218841142 0.998836896037481 0.662044594526320 1.304333961793587
36.532315653889725 65.838735392889390 38.540341315916798 15.495426933862669 6.983320156685784 4.211258578268330 0.144302868621533 -0.884571098317080 0.443520748251658 -0.478235402569585 -0.454733924181713 -0.751337446110207 -0.866295320220942 0.103687174811616 0.488652625024037 0.650937138766509 1.770274396808282
32.784201095987889 75.418065412883877 37.644878463933544 5.914827394747682 7.433283355354726 10.306649818351225 0.777451287698146 -0.626918246248783 -0.050428243840576 -0.560739085702651 -0.727224841089044 0.395873348772520 0.284852897162464 0.279495157423818 0.916919453362609 0.649720658871840 1.586473843800183
30.386571871696397 69.688665781422273 37.901897437030307 4.913060665269874 10.844917891613363 8.323330069647145 -0.773942476796871 -0.632229504309316 -0.036040206579872 -0.578423291141344 0.682616703623064 0.446610492711487 0.257758683412877 -0.366497325795943 0.894002332944206 0.645067386545853 1.470538053803940
36.562735607620610 66.584956716590398 36.371385514736858 12.418734200697434 5.567300063509021 6.644236585792067 0.862283293633453 -0.490183796419712 -0.127229584799304 -0.425946962654065 -0.566100254555853 -0.705761777654170 -0.273928287196524 -0.662759645361240 0.696931091252372 0.652682944844616 1.631920766400895
31.615491453330755 68.425083107136814 46.101716108364265 13.249059113050837 5.063020839864296 7.146824178563559 -0.530158171274380 0.782613328858721 0.326264755871174 0.309425023421811 -0.179679890113969 0.933794030806068 -0.789422870400533 -0.596013015446227 0.146901385654728 0.662037410714519 1.631699773173796
36.002332207840368 70.276861334752397 36.124832634826511 11.267135142692762 8.946851287898685 4.374552034881749 0.453674690459753 -0.887818689498502 0.077183222357003 -0.885904640934820 -0.458699452278750 -0.069049110416595 -0.096706992541365 0.037051141093603 0.994623029362012 0.643851458996284 1.246932796971429
35.670110177347894 66.837041351592418 35.115004870586354 12.464557246628964 5.587842466816957 6.668752704208838 0.862283293633453 -0.490183796419712 -0.127229584799304 -0.425946962654065 -0.566100254555853 -0.705761777654170 -0.273928287196524 -0.662759645361240 0.696931091252372 0.655091235422142 1.637942280270739
36.756880071970166 71.002260541245363 42.912011286611012 5.740474041273797 7.959766747529184 9.645686656531533 0.786265364427259 -0.495591041464395 0.369020726141915 0.533318395239928 0.242735438628950 -0.810340049690449 -0.312022861343167 -0.833947855956143 -0.455162287042078 0.643734814518014 1.251878938341761
34.007905336579618 72.709536302568281 37.941276310109082 10.806254117298950 7.071679800115192 5.648185452928176 -0.593358553442551 -0.609834343930749 0.525383383843757 0.266363483576160 -0.764685622288552 -0.586776272255741 -0.759589442839839 0.208225771766425 -0.616170354933228 0.639266802489384 1.539305388079239
29.729436966235927 72.155391118455213 37.459395567019683 4.041842392575212 11.327456949201578 9.872722422328572 0.889142588169373 -0.453362523348844 0.062352869430668 -0.434055782873243 -0.878641528077937 -0.198958896486596 -0.144986327830471 -0.149838204606293 0.978022227345881 0.649176547290895 1.773626506115040
30.819452142246469 68.559479740646537 40.055273954103470 15.130921157776928 4.630279688735076 6.288249400229438 -0.370010041072583 0.925583954955056 0.079918157106015 0.469414047801156 0.112028949341988 0.875842432310895 -0.801712555241839 -0.361585199972408 0.475933947022603 0.643646430336780 1.608852274011519
89.646006088746518 18.625048706581982 79.356381597167115 2.989589500252892 8.798591782369735 15.345853380151034 0.664889519177907 0.713817895059885 0.219968043087278 0.743907476369149 -0.606306009447215 -0.281059939355074 0.067257667885937 -0.350509679752884 0.934140979997171 0.625151348193615 26.543698999424340
87.776596847775579 20.625231451027187 78.397942344393257 2.023867332197780 16.088606705573110 12.513572793447759 0.651693518887510 0.731767594705146 0.199528806891288 0.714949125371029 -0.504813702010775 -0.483746704788132 0.253265286944768 -0.457907538266867 0.852160419655339 0.627105362471759 21.044499305900651
88.895616660571548 20.052165079260973 79.260437003608686 1.997054341549960 13.042333066310157 15.464938856473200 0.604611784721670 0.709532264116489 0.361951040823763 0.759632835758275 -0.376954674569147 -0.529965214102124 0.239588281461174 -0.595373109485302 0.766895244403226 0.624708919395389 27.128251734134061
91.543014595406731 18.707143090276553 80.267050869349177 4.291160385434376 9.271872695352197 10.213480892727180 0.245745679979372 0.929191902838649 0.276064246997991 0.691560166127859 -0.367626716978106 0.621767748913618 -0.679230150535652 -0.038118298269873 0.732934784234126 0.626544483359211 22.535192106891099
89.960717181772509 18.831906502258803 80.523276660531749 2.124576555127089 14.964005972388865 12.688724955642579 0.391251420284422 0.837797466413400 0.380811937045979 0.380311897451063 -0.524005537274139 0.762089927477862 -0.838024574092308 0.153341456160194 0.523642254826782 0.625018196769414 30.231847976236796
89.828453668777755 20.771790551213666 80.823504153963725 12.676907839433985 8.980068411072416 3.542623545898861 0.634841626104338 0.717842118444138 -0.285795036263459 0.202518676297348 -0.511558193785224 -0.835041555925194 0.745628792037948 -0.472240306791818 0.470134871207401 0.624960509308646 18.818902049716282
92.163235949280690 21.336527949436391 79.630818162057551 8.826130808006999 7.260107556127259 6.383208154334301 0.390785787006245 0.875008168892353 0.285739694557061 0.470116499875591 0.077158933902731 -0.879225213164248 0.791376614020552 -0.477919661962810 0.381203163012481 0.627909983553072 10.705773834599736
89.760620822424073 21.099659595887115 80.655263730722595 12.680082305267085 8.982317139288391 3.543510665813940 0.634841626104338 0.717842118444138 -0.285795036263459 0.202518676297348 -0.511558193785224 -0.835041555925194 0.745628792037948 -0.472240306791818 0.470134871207401 0.625117007707859 18.823614552349412
90.640131526097591 18.383043955689164 79.975673875601061 4.285711404975165 9.260099130954851 10.200511659977483 0.245745679979372 0.929191902838649 0.276064246997991 0.691560166127859 -0.367626716978106 0.621767748913618 -0.679230150535652 -0.038118298269873 0.732934784234126 0.625748887683449 22.506576578594419
89.261969090794310 20.279924599043238 79.901849610357047 14.065868679535383 3.374457215562745 8.472978252420976 0.776283503247921 -0.622739177359231 -0.097876654862553 -0.199577474659427 -0.390066655431135 0.898897566983766 0.597957150800709 0.678265376753610 0.427087022167125 0.624379697944415 23.055379609444838
90.910178908092590 20.317218215191303 80.786327962108970 8.652634087637049 6.414175891311145 7.279885366419355 0.249560728570997 0.770774473211342 0.586196344411061 -0.880453531142913 -0.071406125373420 0.468724593719095 -0.403138961467492 0.633093892487468 -0.660810941981123 0.625342332454882 14.771937119971192
89.533580903264053 19.055553744081749 79.589950306797448 2.560908035758938 15.281750602907000 10.289662427130612 0.816919505893738 0.574584135213582 0.049955905068296 0.400116150184175 -0.626983410913114 0.668430152522724 -0.415390884892924 0.526065465508446 0.742095370385273 0.624648910896633 33.302562925502812
89.982979586138555 20.379151735555080 82.259308950690851 3.945079901620544 9.087003443077164 11.355912496784573 0.245003433617839 0.913837911960609 -0.323841918501826 0.721566605041339 0.051223051816626 0.690447560247487 -0.647545328146675 0.402835536697131 0.646845096116024 0.626920915404172 18.513717896090995
89.957742848339350 19.044054999507225 79.654018224300614 3.953192436694392 9.240355735893459 11.024566262073778 0.840151934463545 0.507033284075235 -0.192514871781495 0.539149113059873 -0.742289434873246 0.397900274895997 -0.058846927735575 0.438090908049277 0.897002450041606 0.624663265938325 26.660560246241808
89.536404025353903 20.481481473773464 78.459202985555379 12.557656423081102 6.691498866467679 4.807093121924957 0.942786466077154 -0.308882822300319 0.125479406555583 -0.237738639969868 -0.358985340003313 0.902557402455924 0.233739210332861 0.880750207351946 0.411879902158961 0.625294719829598 15.521077920982638
90.063261994200332 20.156506537965374 80.232181036200274 2.099561889521556 10.555620109781096 18.146801736546806 0.642223832236319 -0.685687023416863 -0.342610354813481 0.217676032087522 0.591715520382725 -0.776202221069247 -0.734959654921499 -0.423917502417537 -0.529271439605188 0.624382549793098 33.469553084508732
89.402683931034630 19.762078270263991 78.575939091017474 2.734985823848282 15.496382285872386 9.520204996286752 0.677981432343199 0.648010368199768 -0.347021238692196 0.689998001869632 -0.723802652754706 -0.003532319516371 0.253463872798039 0.237049114258737 0.937850618497086 0.625063032989828 25.243858706331121
89.506680116637810 19.457138523983282 80.416050046261432 3.409300277846079 9.022093885413796 13.082061208083438 0.440836786407779 -0.804022117430405 0.399012985292949 0.530952510694271 -0.124836933516746 -0.838155815715423 -0.723707371205457 -0.581346862649885 -0.371864849306873 0.624495776329499 27.294926002795080
88.843817568178082 20.781198101709993 81.494484544491371 3.394330600934985 10.350310111413576 11.539757856005366 0.303544679046769 -0.682056397410791 -0.665326760752495 0.848703279596362 0.510931458757891 -0.136571547746643 -0.433085870266825 0.523209437226191 -0.733954027015779 0.626058111754165 18.673734677883779
87.930014974986463 20.426258730778102 80.676908035030252 15.037126698980884 7.359109738122610 3.663243585738310 0.592644209409005 0.699054513963056 -0.400119516597043 -0.018251833467735 -0.484973593190975 -0.874338312372562 0.805257543664784 -0.525474452676161 0.274657765147187 0.626034921679291 17.084801170499208
89.362562974447769 19.602728185671204 79.867119422413040 2.566055591499498 16.458963777310291 9.520707827008280 -0.810710708894833 -0.585446470867360 -0.000759099592136 -0.383003739204417 0.529391854330404 0.757002245917442 0.442782432170330 -0.614000565404927 0.653411832953581 0.624346733395725 33.391777791974860
89.702209120598269 19.690987030952879 78.323996193670027 2.736301399912400 15.503836317055267 9.524784381565240 0.677981432343199 0.648010368199768 -0.347021238692196 0.689998001869632 -0.723802652754706 -0.003532319516371 0.253463872798039 0.237049114258737 0.937850618497086 0.625363699252006 25.256001444326479
91.152331564783125 21.079618592036820 79.186635740795793 3.944963531770231 8.365544813806416 12.281445233442808 0.528188071145177 0.737593209662811 -0.420682324990307 -0.822952043310090 0.322603569047067 -0.467628989317218 0.209206347684972 -0.593197432814242 -0.777399195903178 0.626001654144188 12.501815020131724
88.533575672197486 20.521064876452758 79.424212030186936 2.407691519284443 11.267565427454993 14.875196556832245 0.459672490802651 0.671868471655317 0.580770142134420 0.869376414000545 -0.206894862971032 -0.448752901334075 0.181344566995647 -0.711187227438560 0.679210479563894 0.625092751275643 20.751918510240827
90.141953163320778 19.680671582854906 80.691538751070183 2.069946958961600 8.992819392137305 21.634161329773285 0.483164259380876 0.875275130619414 -0.021112654406725 0.318643920220623 -0.153333251934169 0.935390274675617 -0.815486572889684 0.458674568262141 0.352986246001422 0.624661824470464 33.435371158591188
90.694749143656011 19.274402621536417 78.616636044604945 11.600699383392090 7.487190177288882 4.657822335030352 0.376444628808001 -0.819745456498191 -0.431632746663386 -0.667645564473594 -0.563052631663471 0.487053522947505 0.642291866428607 -0.104829006135762 0.759257556954322 0.625617036393578 15.730556982147471
88.417061602664916 20.610379379107204 78.811140742215969 2.354892648351682 12.334601972244798 13.933072383667518 0.469968541675989 -0.658885387084635 0.587366679784676 0.872467400319047 0.447698098578161 -0.195875082412292 0.133903716212309 -0.604513406977736 -0.785260043277833 0.625692520533133 20.160465443661820
89.493183645701308 19.403685961549492 79.947432703730456 2.559872090409153 15.275568788389410 10.285500025438163 0.816919505893738 0.574584135213582 0.049955905068296 0.400116150184175 -0.626983410913114 0.668430152522724 -0.415390884892924 0.526065465508446 0.742095370385273 0.624396226252961 33.289091283914402
88.063720194153490 20.188778596793828 80.523891023834210 4.140058569431288 9.050467917257597 10.798971021599714 0.420946877846002 0.906256745240074 0.038761291755703 0.774787620779994 -0.381445255651090 0.504186135893632 -0.471707397353253 0.182203810739904 0.862724696895874 0.625652540744082 18.231673672620129
90.088422087044663 19.689113828301529 80.097400166268784 2.202230389159085 9.240615408046065 19.761215631419695 0.502588128355886 0.856805388451180 0.115280959211621 0.358565949385305 -0.327924929931963 0.874011270104987 -0.786661066264972 0.397931861818252 0.472032414324182 0.624365669875228 33.928561779522902
60.892294755024210 73.800294122706489 27.373552879277074 18.008196960963492 2.537463497829006 10.009569535351218 0.920042752276259 0.371826243271290 0.123557997712355 0.314662561835346 -0.513267954791637 -0.798463198127019 0.233471210565979 -0.773499354491502 0.589228260047061 0.651741026060851 2.565125017519959
60.872275187098964 78.541170060678354 22.125801677047544 15.147412034124685 7.522524274361498 3.535009959729102 0.562678107520184 -0.802218489537419 -0.199596699275828 -0.325379719314655 -0.436873690554636 0.838611600659023 0.759948278224393 0.406923670416791 0.506844888381354 0.624708584764155 4.521686463537200
61.104040177484350 79.740383699863671 18.459251489187597 14.099375675969334 4.076551192741583 7.232636392848454 0.761726712684079 0.637236105039829 0.117057941281978 0.646806452019603 -0.737442961804546 -0.194471827550296 0.037600915006403 -0.223848217590867 0.973898427286990 0.631310558616484 3.363001463120982
64.616346377062484 79.752823576150689 25.281175532186825 2.817060585241127 10.756386951303050 13.741152268742148 0.127617394342831 -0.952851650307977 0.275295356238555 -0.612815903065533 -0.293996642827971 -0.733500267863522 -0.779852851255365 0.075097979408567 0.621441730074212 0.631648060150847 3.003689292295241
58.452529496535718 83.435443532364488 23.640283953291188 13.002000348879760 7.192269832242219 4.302686048261528 0.233876208488593 -0.943568348699112 -0.234479616248901 -0.918215580427545 -0.293645590170751 0.265805220478037 0.319659298258484 -0.153137319770535 0.935075876242346 0.624479974053008 3.258407403514290
61.361416201568737 77.662742419584930 25.708203198359193 2.600334813796104 14.916574046367389 11.033321956362608 -0.302902522815994 0.858358216607928 -0.414090851931509 0.656384083945083 -0.127119598537322 -0.743640062134420 0.690948620387422 0.497053095402661 0.524907824608619 0.637452943975228 2.771617269559402
61.542480308013921 82.911016665559131 21.595553520819475 11.292838175031198 6.886205845026439 5.281720817104759 -0.293304858882799 0.801221589419694 0.521551746621100 0.955879013374177 0.236442968937782 0.174327376595583 -0.016357614329500 -0.549671435575532 0.835220774026713 0.628781029059699 2.903543347460993
58.924390664100834 85.151714350518120 20.629732563169256 14.423000173256543 8.132173566271280 3.538645395149222 0.893506537952590 -0.446919473672412 0.043692684609106 -0.391355372301554 -0.822724694117836 -0.412268177597332 -0.220197727523898 -0.351264945220965 0.910014230137212 0.630976249067151 2.979000620629619
59.696007227762529 82.542166369811994 23.218519670909391 16.276158781209659 5.980291845770235 4.175583356764396 -0.446697759109239 0.705829915582364 0.549786542465143 0.842665528321570 0.125435422254397 0.523622728901629 -0.300625879433744 -0.697187266889502 0.650810260753342 0.626580775647042 3.421141395114613
61.303524055662010 79.106804817021910 23.827470120701090 14.729982161684106 6.675826354450871 4.110957776463265 0.820575385083390 -0.445530766814127 -0.357992141278636 -0.193961315509740 -0.806274049329968 0.558839123060285 0.537619796399815 0.389133001940304 0.748024372143013 0.625455867087333 3.131980284227356
57.078517145091041 83.707692915204191 22.735777162596165 13.320325557506822 9.522757487428050 3.205647389038429 0.367225003089545 -0.928437237530710 0.056125689948779 -0.927771101170895 -0.361328673584666 0.093179254545690 0.066231268582355 0.086289545206178 0.994066161505402 0.626677860924107 3.720754098421859
58.479075299049320 81.490077870479183 21.969799236819945 11.273901102981418 12.595785282672427 2.844865119285008 0.930498842643529 0.365675423915196 0.021292913926828 0.366123308886446 -0.926711630453837 -0.084612508954827 0.011208324098341 -0.086527673758357 0.996186395783878 0.625317089519937 4.065511407171143
57.016507358388480 76.988648110547700 24.551323930379478 3.673101893437366 12.442663906120563 9.418205822798301 -0.474991833607016 0.700415850923150 0.532729193664328 0.595713518632592 0.701506806518053 -0.391169533741089 0.647694497216876 -0.131551648353199 0.750457195375282 0.638682116350823 3.640179836207821
59.643182944901589 79.701034223883624 25.409908412492268 12.440116940152530 8.353991508939897 4.037339578946076 0.458116857656525 -0.842686447884738 -0.282857729755286 -0.638781115654701 -0.533386669235411 0.554488365400835 0.618132373374707 0.073336291379896 0.782645614152916 0.633263570213309 3.843340792650399
57.480340892818745 78.366154874947455 22.139382583503519 11.216710654220227 6.667288547597810 5.452557446449751 0.145970555447889 -0.969409518747907 -0.197326586914145 -0.360752375363763 -0.237888050043221 0.901813173177259 0.921167911192980 0.060452134847206 0.384441437387774 0.627265767784346 3.811103750549519
60.210976567498122 79.905701768204437 22.358500735942105 5.629465251209550 7.878451096550924 9.020889213635412 -0.614571889651994 -0.567384342923302 0.548066054280933 0.487890614311513 0.272559554838196 0.829261139529123 0.619890426540298 -0.777036869441790 -0.109314054959967 0.623302726142155 4.467512750170651
59.862199175705399 79.760058107868531 21.390915670291019 11.698726210509452 7.896237597398684 4.340729259357101 0.261289363902966 -0.930332183427031 0.257312838372042 0.214720617259594 -0.203874152041980 -0.955159874917714 -0.941075408686701 -0.304823487626949 -0.146491353178612 0.623764147753964 4.125698498154392
58.182092412362373 80.613837236806376 21.007853312242133 11.156774678459234 8.230113001267954 4.287904385307977 0.561116248845652 -0.796886333118958 -0.223876589597050 -0.827565026227393 -0.545603793121276 -0.132108396012253 0.016872541202774 -0.259400603352993 0.965622412920011 0.619978218996039 3.807304806777465
57.412074966332362 79.301693297636518 22.647445834048149 11.201071699974976 6.657992647600913 5.444955191291948 0.145970555447889 -0.969409518747907 -0.197326586914145 -0.360752375363763 -0.237888050043221 0.901813173177259 0.921167911192980 0.060452134847206 0.384441437387774 0.626391199388637 3.805790100316746
65.046187146379864 78.424242279422614 25.109195101537523 2.191694490103119 10.786249538837785 17.802382158151151 0.255638721618809 -0.966760560299534 -0.004781533062966 -0.659942615499307 -0.170888855067662 -0.731623361752205 -0.706487500425192 -0.190186798340460 0.681692301174048 0.633902961630405 2.850411194386453
61.670763907276388 77.341438258658997 24.729046221276320 2.596300105442855 14.893429324546405 11.016202531577294 -0.302902522815994 0.858358216607928 -0.414090851931509 0.656384083945083 -0.127119598537322 -0.743640062134420 0.690948620387422 0.497053095402661 0.524907824608619 0.636463864913480 2.767316797447054
57.352762411281773 74.053910111959041 24.355771672552915 2.979258926469421 10.069459046851300 15.116613325322135 0.449757065242881 -0.878424742373080 0.161519516625392 -0.492645099128531 -0.394831646280511 -0.775505497981840 -0.744996233929240 -0.269217278572922 0.610329966779478 0.649884549864184 3.136434003374541
56.073709294381494 81.008320109995310 21.470505135308926 16.784814109622157 6.564992788990663 3.648619745969526 -0.167929242383560 -0.785224743408047 0.596004926063745 0.953557988464052 0.023971070585877 0.300254143037790 0.250053858576257 -0.618746709174871 -0.744731883093770 0.624318751159136 3.868351380988980
63.710868392394453 82.389259651468066 21.986198522554911 13.344804883326725 5.107276988379014 6.144672471116992 0.803580205924344 -0.592254171045467 -0.059108793980555 -0.389562675970856 -0.598435472240054 0.700082785858394 0.449999749041058 0.539546089267701 0.711611019742468 0.632868345938737 2.411283577871300
58.461948344258808 77.285240396735134 22.014067021375620 3.380579780717789 8.966102873064351 13.482917780167469 0.471024013069865 -0.857395834835646 -0.207385538353197 -0.663134398160346 -0.189132382960997 -0.724211096084567 -0.581712256264276 -0.478645300950485 0.657654564942679 0.627729943601589 3.331064326493119
59.373106054901825 79.184520443784848 23.350400472725294 12.224909426450242 7.535865920890836 4.359494942646980 0.604495265594160 -0.772759917484479 -0.193462099139928 -0.418527559469124 -0.514723904726076 0.748260638994436 0.677805396732031 0.371350793499790 0.634569485815392 0.624096257462193 4.503746494321358
61.293613395366762 80.781851134472518 21.291322241551768 4.753955999669220 9.584722284219916 8.853091601549147 -0.674326953240147 0.720876844834759 -0.160061659103434 0.738266946544541 0.662742358768583 -0.125437161693237 -0.015654896156174 0.202753891392838 0.979104582642427 0.625014075152428 3.166877873610549
56.785000527110064 83.051185969820537 21.458344756314542 8.526339613335256 3.028607419268037 15.665598260585439 0.997098289164386 0.062789235588573 -0.043040836883798 -0.037637302903916 -0.084838818833706 -0.995683588420046 0.066169745167817 -0.994414343577718 0.082229423634864 0.625601016704193 3.745200243762290
58.541427169257247 78.834585268548352 18.878771198589774 11.210417065567199 4.962026652239652 7.448922108234299 -0.848613019624244 0.474516509172465 -0.233858986243850 0.481082352150317 0.508352044345806 -0.714239434264839 0.220035709314969 0.718618314219877 0.659675681751299 0.630625236474131 3.561506053724646
58.931217635487712 78.927456994075229 24.387163325502190 12.756898472753690 8.099639846946706 4.034994274726335 0.679421556881751 -0.685256088387799 -0.262317443895425 -0.324116638347856 -0.601018698405384 0.730564801310044 0.658281666758586 0.411340026613690 0.630447959561284 0.631923478241761 4.184245742213958
50.238945748926142 94.258359969793034 63.399769774466073 127.492051846515608 38.848354304029343 13.263094585813022 0.647909068860030 0.554593000122259 0.522149827831362 0.280633157291633 0.463475994567364 -0.840496896774951 0.708137606343187 -0.691098116532801 -0.144653115442968 3.413082470785387 0.333071517179383
86.728940546246477 94.020968935476731 75.076486188635201 45.894291350925393 19.527259711092146 20.775789450538557 0.071234274201838 0.900972821090394 0.427987913188391 0.482285077239462 -0.406698773094353 0.775884793146299 -0.873113270115089 -0.151142593665599 0.463496638530391 2.241983523174584 0.106641229796261
69.957506022475130 96.796556660422709 99.440078964767935 20.989746776465214 39.999887764407966 36.643835495555571 -0.484279123358898 0.708345491478575 0.513537141189138 0.514005673052723 0.705328045748769 -0.488170580791019 0.708005578190140 -0.027550182979415 0.705669248776965 2.650547226751438 0.135441849918643
45.182168266975964 7.086977818420836 29.279403144051884 131.595920802139233 18.750244438194155 9.861246535584023 0.791933088723502 0.548848387844733 -0.267595646722982 0.203758157634296 -0.650661512869640 -0.731520477408300 0.575608023035060 -0.524790475171213 0.627112717928158 2.451171172495248 0.412008393657658
15.235470568773046 41.748637479601179 13.128932847325602 401.933188107792034 31.196732286747999 5.238870092595875 -0.243345098529959 0.963862897930948 -0.108404229685006 0.962956558146521 0.226692304191460 -0.146031730603223 0.116180162437700 0.139924669778140 0.983322559816171 3.413082470785387 5.411748384833749
60.411780402088198 38.280805915785407 89.538588428821001 60.568570307894475 16.195972390282623 9.010398035285839 0.770922633111884 -0.627546249682461 0.108921982470560 -0.626320156466990 -0.777996890696300 -0.049435813638036 -0.115764223139123 0.030108845483792 0.992820276819842 1.748957904964864 0.135875611971958
