# xi_x xi_y xi_z eigen_value_1 eigen_value_2 eigen_value_3 eigen_vector_1_x eigen_vector_2_x eigen_vector_3_x eigen_vector_1_y eigen_vector_2_y eigen_vector_3_y eigen_vector_1_z eigen_vector_2_z eigen_vector_3_z local_bandwidth scaling_factor
28.944540961451672 25.894778719595660 27.188524664621543 3.167165535950625 6.007224270780695 7.880935878706909 0.879077281240169 -0.449235909456172 -0.159405869598576 -0.125826013002082 0.103863238987519 -0.986600345651177 -0.459772713478510 -0.887355354546366 -0.034778250365712 0.562890060668821 2.221091990811180
30.010789523731439 29.175986617898211 22.814740227689470 2.705092008608863 9.184854697981724 6.472637450589566 0.817249928263335 -0.428776327126845 -0.385036902191450 -0.541710993396847 -0.343648439727965 -0.767108173275149 -0.196600494370121 -0.835497822359909 0.513119512828420 0.576184162788054 2.144255374566227
27.124462286222421 24.661554993361751 24.769195630830129 9.690208725314314 2.925974916415450 4.968814392212387 0.141919078557845 -0.914819457493703 0.378106248734690 -0.958637202164394 -0.031812301055791 0.282847471489419 0.246725940605593 0.402608168934092 0.881494737669955 0.551317291660525 3.262248520623523
25.918126161793779 25.322091216837553 28.251854419446225 3.026693899782361 5.465471843609837 8.857474546165884 0.296806370359552 0.953662729917674 0.049329261903644 -0.127616912456869 0.090805636414502 -0.987657967137578 0.946371968186381 -0.286847928284879 -0.148655184469660 0.558579257452563 2.093126859923223
26.701732086870479 25.272073608041371 25.992508361131584 7.711656493091768 3.652039939655194 5.011191010967679 0.186421154852869 -0.872072387723664 0.452478622250013 -0.795210040734667 0.136529455924296 0.590762810931583 0.576964595220618 0.469946229088992 0.668028740120472 0.551642218457919 2.561180313853540
25.746118478355381 28.340862371340290 24.541252176073836 12.835148960701833 2.496675138922730 4.482980703535275 -0.349737217541550 0.934361650313035 0.068206928464761 0.314221741142928 0.185579143801106 -0.931034413316261 0.882580634310204 0.304185285328450 0.358500678005284 0.554914473382812 3.256994531777395
25.700040662451038 23.090183867628404 19.291341225930331 1.964480321466709 10.130135888401522 7.831760798760960 -0.742979849210947 -0.553407480879708 0.376458634876204 0.540554310675218 -0.827815019544964 -0.150077748604552 -0.394692260979258 -0.091991594845112 -0.914196677745513 0.570195215231678 3.588809274229120
26.461535610762581 26.932938102861382 23.340468563848678 3.869018028564484 5.224281806363273 7.002633723670912 0.780303454649887 -0.613205093626913 0.122906597916710 -0.625273210393573 -0.768904229547074 0.133490442162485 -0.012646383892856 0.181013256240061 0.983399344132283 0.552177914832997 3.518596885485851
30.075325631480766 21.747939487454822 25.102319155235634 3.726365731630531 6.973067803861055 6.098553795077684 -0.249348797179393 0.902793626643373 0.350412392813517 0.866236370633791 0.046151656824663 0.497498316342412 -0.432966196759500 -0.427590566154637 0.793540534691940 0.573361050706148 1.918704176206520
24.581444187052110 28.427398517804232 28.285586092832510 7.114929949173263 5.045490982770167 4.234919019376032 0.157906026345056 0.891988133084179 0.423583353403928 0.011721420411082 0.427241680825068 -0.904061477151481 0.987384573075487 -0.147721753993015 -0.057008668198493 0.565486841276418 2.245839378428242
25.346472976796903 25.845597100373055 23.014850718843594 3.790360691511323 5.789622236820953 6.384687176455699 0.673602708729992 -0.727119937639729 0.132499007839357 -0.664270614663617 -0.517002894297844 0.539863462166197 0.324043116399713 0.451668687839271 0.831258957930387 0.550308527553707 3.686925437673269
20.570804447459796 24.222044783908665 25.349606923128515 12.131579115089348 5.390953869014098 2.318499878494920 0.519611255293344 -0.853001052933172 0.048921846524592 -0.496878966602261 -0.255104408861825 0.829477566379904 0.695065058768418 0.455314116049744 0.556393403811634 0.564996973851599 2.688490598439290
27.751013594191676 27.688603076657863 24.133910906767170 11.007080752922764 3.231969580300882 4.073144687953823 0.685020929515202 0.719705236936916 0.113007513253347 0.557745630377638 -0.617886364688011 0.554198747857919 -0.468685542683769 0.316608294676895 0.824677542934818 0.556509433698564 2.996463883687412
24.324030499928387 22.655364292101019 21.824743363198785 9.498636687833672 2.998549240202370 5.143267066387824 0.843916576168325 0.458710797844692 0.278189173781113 0.154735831071088 -0.704641015156684 0.692486723585152 -0.513674639291324 0.541355191810003 0.665637229464581 0.558538727981262 3.013178076210405
21.184663865780948 29.362066392572302 23.860383076722226 11.230673622271036 5.291192230788319 2.642321368818792 0.930223429214571 0.365369794990263 -0.034486006568713 0.357345463970887 -0.923165295925834 -0.141668824296659 0.083597793749088 -0.119460241532235 0.989313226219757 0.571607309183300 2.299733391721606
24.020436082401641 22.198664413032041 26.738521287490652 9.108420494905230 4.302830076974796 3.761197011725511 0.882902110822266 0.461843494754460 0.084761129408327 0.019997577560315 0.143365662621180 -0.989467727453963 0.469131068676236 -0.875298162419057 -0.117342095040593 0.559702477250922 2.062990509569403
21.391214704119825 24.524298271889212 22.997675897592966 10.447424004961229 2.757077611587243 5.142627866866714 0.950729976445911 -0.226031869753115 -0.212184131694782 -0.063397235521511 0.528209001773926 -0.846744377585835 -0.303468783263432 -0.818477149528870 -0.487854336132937 0.560613927512943 3.175400961812731
25.865140285877779 23.857804989139868 22.360026179878240 2.642819441617586 6.905811759584926 7.798392461894440 0.604189565545085 -0.777163685396105 0.175987428494151 -0.780903250288479 -0.533533445558969 0.324857162702108 0.158572010693345 0.333704462918190 0.929244988608038 0.553195388828784 3.143168746117950
24.936982621677348 25.957779179435654 25.148737030923233 2.504235266370409 6.196647588970118 8.988323615086115 0.746790590479142 0.467189339135027 0.473326457500942 -0.032284435011020 -0.685400425641225 0.727450322556013 -0.664275190886904 0.558534133182033 0.496767644722120 0.549481389336334 3.885217465100324
25.676347724629515 23.581612678899376 24.188886094615224 11.002279271763085 2.574067692056182 4.962502767147741 -0.726971346960660 0.678662409076923 0.104546617372876 0.173820510677138 0.034584054601238 0.984169890433190 -0.664303462858762 -0.733635657307662 0.143107063279951 0.550871844529502 3.464479985942597
23.496332726593025 24.196014689270388 23.181749637697383 14.828905316397739 4.301729188761088 2.225417512451930 0.932434401561671 -0.343285580280764 0.112787841346605 -0.342236898816285 -0.939161588294367 -0.029144744998258 -0.115930978918233 0.011424598185527 0.993191565954604 0.552718497463138 4.097016835891369
21.139914752811134 25.396736915064938 24.101590514574820 2.592559128537471 8.075485518147122 7.060888137398392 0.133196224678881 -0.729511781119700 -0.670873555104728 0.153807288436588 0.683919150136805 -0.713160510754721 -0.979082266081394 0.008194954771881 -0.203299677720378 0.560232535832618 2.468453288770249
21.354765679376136 26.034812582136308 22.971219181364695 9.376192859615777 6.834308893331391 2.313912705357696 0.824246630279428 0.539249821012158 -0.172705306841922 -0.550479161236692 0.834576111994791 -0.021340251446641 -0.132627996732044 -0.112660302795676 -0.984742337191223 0.560796741207645 2.652947691902753
25.116153436118299 26.630296058782509 25.288414556389359 2.796189354531485 8.923739176484961 5.618173231179179 0.994828253558126 -0.083076260373073 0.058438693388145 -0.098167960034883 -0.638726730782244 0.763145605377386 0.026072927435902 0.764935617125162 0.643578825093143 0.550409139318002 3.422563984723982
27.547777384248615 22.238845525317288 25.899663259851827 3.637994958713238 6.807701482943796 5.953926576129724 -0.249348797179393 0.902793626643373 0.350412392813517 0.866236370633791 0.046151656824663 0.497498316342412 -0.432966196759500 -0.427590566154637 0.793540534691940 0.559763791912819 1.873202101729033
23.468718084979646 23.052838379816286 23.705652800833803 2.586784861365792 8.127477163861565 6.822309023462283 -0.275850529569445 -0.958178489908719 0.076160795771217 -0.787399653817660 0.179817936415150 -0.589633186745139 -0.551278759344206 0.222619611040100 0.804072284235856 0.554623922203845 2.920028697393791
24.303347359601009 25.125589523205250 22.394645752035359 11.551072402319447 2.204243640380514 5.558814737875343 0.588278764800696 0.726240427702772 -0.355672512368699 0.808608814627118 -0.523428460924304 0.268652994030851 -0.008937549546367 0.445642780110380 0.895166259833109 0.552167464963991 4.061765604805013
27.014309260761891 26.041252869805707 21.564854687479269 13.373344419191893 2.471912234118096 4.383016121258007 -0.205696854445095 -0.976575454163447 -0.063160006308191 -0.737967867291913 0.197179119991029 -0.645386567480443 -0.642722514710679 0.086143931678444 0.761240429903037 0.556499562624456 2.922077793095812
28.327833072990153 29.239337075410450 27.635831251601029 9.804712464446308 4.544493883826718 3.540633178075041 0.518466965035607 0.767704590588522 -0.376592176971423 0.331650228456913 0.225398072314330 0.916080692385481 -0.788162503631861 0.599854457836476 0.137747948378417 0.572510187479975 1.891507870089301
24.597675836283095 22.605724351216324 27.357825740410068 7.005416682843373 3.962578479106956 5.304937616353389 0.327808616886877 0.847029199873508 0.418429259560511 0.941557318934293 -0.329259800827502 -0.071118202454082 -0.077532740542170 -0.417288291377409 0.905460742397672 0.559517261189101 2.533216331867533
63.196937879214282 70.466940552269250 65.931434017984273 3.418728235385931 6.255340103019538 8.597662717262100 0.863070704659155 0.468931963176836 0.187648002041768 0.502739388151978 -0.761829422936179 -0.408496068462481 0.048601094223523 -0.446899031392827 0.893263225136034 0.602487557685340 0.868124311611183
69.367662550114957 66.593718977957309 68.159891270309174 9.516660566998105 3.282575232105770 5.556302480697081 -0.423402886604314 0.839738350843137 -0.339955140773578 0.883069932919892 0.298767028406187 -0.361836643128076 0.202280718774658 0.453406842538339 0.868046511398682 0.591032226601231 0.844177154499721
65.046957520193828 72.986655646769137 65.567568132904100 0.946577210281447 10.944429715744731 22.871829414592867 0.817967359867131 0.557260602630256 -0.142793623625699 0.432347377692627 -0.759256646416886 -0.486420692275824 0.379480095913216 -0.336139800719799 0.861977314769797 0.655641055059458 1.511133889309924
66.797751085788448 73.421705940987792 58.972638243988385 10.159334661070609 6.876929434500271 4.021269689451220 0.559901523331156 -0.809806729446238 -0.175280760823993 -0.555700326443897 -0.210102200856249 -0.804396800332713 -0.614579068437575 -0.547786569878221 0.567646406224381 0.693942986516531 0.766549462913682
59.318218357984364 69.335273873211676 59.753632640337429 16.890710885645820 3.107523354005137 5.824610433574566 0.471590939707662 0.801844326039291 0.366943677400551 0.875426045736736 -0.475723544360431 -0.085535652139267 -0.105977469451699 -0.361569891085726 0.926302320967010 0.713771467825935 1.002953654958356
73.692138187241113 63.150239684474052 61.657280463018353 12.638922670970283 3.450840776147655 5.785374361016180 0.318666285228254 -0.760482783330532 0.565789479326606 0.797871964376509 0.537457180518689 0.273020342778467 0.511714888508039 -0.364425184868923 -0.778037375395589 0.669532393398774 0.736781718584403
73.599658176002677 71.621063430682597 73.351977575005293 16.382816083221666 7.969702080914830 4.362294536990125 -0.572972582961483 -0.599678479493385 0.558648494499849 0.665646476653224 -0.738165392705505 -0.109665952469659 -0.478139296956019 -0.309026818001981 -0.822122398710785 0.878276620045108 0.855775581154858
69.051954893108658 61.148481648497722 73.542070153138781 4.179925283716892 11.491619924387591 8.188336623224377 0.758847293771025 0.629131923220484 -0.168356193593483 0.267212690742184 -0.536513194615361 -0.800469218589910 0.593926058228390 -0.562446988780734 0.575243619841864 0.776303002757641 0.932519355766767
63.801452488707241 68.588694099960435 69.236239583525077 10.835678322504506 6.358396688492203 2.989531805365504 0.555895559684027 -0.796460273191026 -0.237973023580528 -0.828179273716713 -0.555252857920994 -0.076245356295483 0.071408804146541 -0.239468780844278 0.968274488815706 0.625727265692868 0.903820419153910
64.306773789300649 67.746246431348212 69.124233613853150 10.360652669056002 6.079650729823166 2.858473623581034 0.555895559684027 -0.796460273191026 -0.237973023580528 -0.828179273716713 -0.555252857920994 -0.076245356295483 0.071408804146541 -0.239468780844278 0.968274488815706 0.598295987795944 0.864197806482122
66.683426152260907 60.083330195473458 66.333761662020336 11.041725058181065 4.954714466004330 3.647821788519118 0.064575322987870 -0.997716943560138 0.019771904157885 -0.456296293681989 -0.047141992574413 -0.888578260429656 -0.887481673068854 -0.048358381580966 0.458298752886998 0.619173703832936 0.680801134297198
70.931778058778420 61.893798101308256 64.330813992090782 2.321899973134670 11.936617164485321 7.151506767970383 0.878407533904004 0.409041249319584 -0.247154730352789 -0.047370252616822 -0.440088336970097 -0.896704140076265 0.475558895982090 -0.799379454338157 0.367200523466848 0.617765362771744 0.886460832210596
63.053934155399894 73.270158810409043 68.006593555193021 3.984982964714623 7.291431793558486 10.021720682569498 0.863070704659155 0.468931963176836 0.187648002041768 0.502739388151978 -0.761829422936179 -0.408496068462481 0.048601094223523 -0.446899031392827 0.893263225136034 0.702279470177766 1.011914476622517
66.822224728144022 61.556830641140969 67.411595697080585 3.590750731429516 5.893421293919953 8.756584052943770 0.381269621902971 0.899670541289678 -0.212664977251788 0.668319399676880 -0.109296374368802 0.735801252081952 -0.638735199773349 0.422666795106231 0.642938663392650 0.604057945529128 0.687915568777851
61.984292662643618 65.142350584126433 62.156409891036326 9.441092689524385 4.955526123269035 4.077784298555683 0.942626676409107 -0.332652157733415 -0.028239880970415 -0.090529667994289 -0.336115164484084 0.937459852695933 0.321339895025133 0.881118118165289 0.346946009785522 0.609950894664439 0.734025566878397
68.025101659489081 67.578592522306252 64.068459645797986 1.524003023986857 12.793990097034367 8.385175169430633 0.767366461240939 0.626078229092757 0.138472976492297 0.638612873339458 -0.726812891668291 -0.252817361962936 0.057639501799376 -0.282434189787381 0.957553453479995 0.579363020932419 0.874027688822666
66.770995858115327 60.111680325780220 58.330893301495145 13.202314200672308 3.532028329623559 5.695525666515730 0.949112706775993 -0.314909432209571 -0.004137552633299 -0.308863568653016 -0.928162693947756 -0.207647079253643 -0.061549701829267 -0.198358420716365 0.978195057815995 0.681060141716687 0.813066436216320
66.965019425553564 65.745386531400939 67.839946921480234 2.490052749968915 6.813667810334687 9.854615664579626 0.254040627621844 0.933057079646655 -0.254691667784313 0.166729763348171 0.217141272897653 0.961795640257456 -0.952714304254619 0.286799849591387 0.100405680830296 0.583703786782026 0.888917045169701
75.657747433638406 69.223840672529391 60.917734905068443 4.233864816779663 10.943479523522745 7.803202060875825 0.904304263260066 0.374051215448725 -0.205717008706135 0.413885008168163 -0.886274147755810 0.207887794334712 0.104560984422051 0.273137004525281 0.956275680594068 0.754810389086618 0.643250528787901
69.995448704313631 59.115083156001035 62.935730892533869 3.821642609619032 10.063043693726383 6.600200605470560 -0.934270951505519 0.223662566210251 0.277691997812715 0.256809184793720 -0.118191441181294 0.959207915854052 -0.247359721415101 -0.967473947818614 -0.052984228914930 0.670854443349123 0.892236958103546
64.694814263200826 72.662301588724972 61.669355182657860 8.917785693283033 5.696473773119976 4.552600224430627 0.546566881780392 -0.617299908033730 -0.565867004942334 0.649981085632331 -0.113337765950581 0.751451355131886 0.528004954580045 0.778521274180019 -0.339286595060938 0.650364751783188 0.786150502886034
61.304054496665714 64.559706925656556 62.032834900198509 3.274571763860897 8.059310795208644 7.731708147944787 0.526925131563550 0.621765234478063 0.579446200195647 0.489570120064186 -0.779348478679563 0.391071663918763 -0.694745279413307 -0.077614057839349 0.715055980157244 0.623771319068643 0.672921138480759
70.038469015446623 60.170399472511008 59.868364182317393 3.753554492257896 9.883755944970364 6.482608439133185 -0.934270951505519 0.223662566210251 0.277691997812715 0.256809184793720 -0.118191441181294 0.959207915854052 -0.247359721415101 -0.967473947818614 -0.052984228914930 0.658902196439371 0.876340459942156
63.042009236078890 62.772731170502389 73.629129674199120 5.871332906317759 7.375050923579069 7.944324799644628 0.604541223326017 -0.605267808644312 0.517861747108623 -0.039509793584962 -0.672095031814499 -0.739410065133780 -0.795593417211553 -0.426543254581736 0.430223158907635 0.742396107396111 0.849332259415004
69.245938927077404 65.391541054503563 59.519685755706043 11.438810064556593 5.716974684581959 3.076744472435510 0.242793184150648 0.960496251323496 -0.136008900162823 0.942096383571136 -0.266892292379029 -0.203034254082538 0.231313367084947 0.078838159936533 0.969679674297469 0.620862784203222 0.714333915392667
68.776106025835816 60.526900982196736 58.091573635856705 8.669124302601659 6.052871660778707 5.104472879276875 0.776195846461239 -0.536847831307376 -0.330627303707495 -0.570381930012644 -0.374440083977920 -0.731067081344565 -0.268671661794415 -0.756035071627750 0.596847140076462 0.682986277495927 0.778974216755713
70.313030749989409 66.417410450460594 69.118205855308815 8.065883027897666 5.615117931835453 4.182262575101099 0.322304359503285 -0.692969522249964 0.644913281827746 0.731341155360673 0.614836774695782 0.295153951282045 0.601049094767552 -0.376522219416523 -0.704961703899412 0.608494716332321 0.586037016540519
66.425393396579111 68.831862986834309 62.088525036577479 4.505543586582768 5.498461818602827 6.866915402475336 0.753460009121590 0.639987631324193 0.150711135642141 0.307141366193710 -0.139926480459634 -0.941320753642902 0.581345160663746 -0.755537167727855 0.301995682675456 0.587082968054971 0.644190735328638
60.374725401054754 68.048183351937880 61.407042754254029 12.700043990230611 6.725146131254362 2.648923494633452 0.539464430901442 -0.662647668715887 0.519496097134119 0.821709537394157 0.548971100197079 -0.153049558326344 0.183770410968857 -0.509439690536385 -0.840654291465005 0.645616916370080 0.959211547386598
61.916239646161358 62.962796712349117 65.078169175539117 1.051963764082402 15.352268899456583 11.943871291978866 0.779184736592622 0.603249310723853 0.170180537583717 0.290688292396095 -0.588333352261388 0.754562246127329 -0.555312041040827 0.538473895122200 0.633777880133882 0.612193809503619 1.119030942813319
20.747007544110939 42.468546875150622 37.416998033422558 3.061271916729317 54.569921650896511 129.672446860930478 0.643370531025440 0.764300690100367 -0.043804279701251 0.672446013858578 -0.536847300383648 0.509520690960139 -0.365910806418383 0.357266610786526 0.859342685174754 2.953591482705438 1.045168952853662
46.357542436481069 27.762870629473191 58.678434645816878 213.057516174730210 1.371233890756743 74.147164104464125 -0.390244670531520 -0.669240752413119 0.632317888748427 -0.050754312965705 -0.670090175961953 -0.740542473997716 -0.919311207827428 0.321085613799187 -0.227532265347301 2.953591482705438 0.383785856898993
86.385560592323145 11.753185596203309 51.737910715411417 53.504336834240199 16.815429886431790 24.077200176521583 0.340210827657853 0.866919503089444 0.364289950324614 0.381469763551187 0.226854597001190 -0.896112610845104 0.859498349178495 -0.443832814224657 0.253525187657680 2.953591482705438 0.071001773228829
13.206810634515332 71.685968119259371 39.605970280729373 52.106847857830836 15.543022932578211 26.746850725854738 0.169571784530380 -0.886339798592248 0.430867927934577 -0.982578326038244 -0.118309564732067 0.143327178486117 0.076060785501233 0.447665732801119 0.890960239620474 2.953591482705438 0.105523003518792
56.542131185850899 18.327983621407860 14.484775934337723 111.653057051060117 2.616205753412967 29.546603952655133 0.898950445776126 -0.374572987740011 -0.227119292211001 -0.438032698578576 -0.773306149215299 -0.458393885825036 0.003930777896957 -0.511559064469908 0.859239124192909 2.173365694826676 0.471387596345579
48.805628064895458 35.561273784995564 94.043194525281308 13.815780114361372 28.032529814750699 55.932629678170954 0.449420938112956 -0.883980834942046 -0.128835957095968 -0.352207861729560 -0.042801110535874 -0.934942611646719 -0.820957028425704 -0.465559822570698 0.330580714934158 2.953591482705438 0.201293558162952
76.532525380696526 74.866361985054724 90.371973974593345 211.744759974731295 6.550364930797302 15.617976893067178 0.437098683951442 0.897035660830072 -0.065358730763939 0.649979719832963 -0.365270931952108 -0.666410916834877 0.621668001664699 -0.248805485208816 0.742714431148490 2.953591482705438 0.920916432877208
8.342243544201855 55.219246992240656 58.447606895576889 131.301691721748114 7.466219158359878 22.096927363298906 -0.174730339294257 0.976975971336524 0.122422465100036 0.916704906360056 0.206792413393453 -0.341890351455424 0.359334695215360 -0.052486657294657 0.931731574875789 2.953591482705438 0.211574008940212
96.193637854722908 29.214752679254886 24.082877991544681 69.202409101249003 13.744540348424751 22.774639404905958 0.317152523413192 0.947716082229953 0.035334181402057 0.935206265512813 -0.306344516351015 -0.177601459023402 0.157491326231710 -0.089371498725107 0.983467954423226 2.953591482705438 0.075477311956556
10.029394226549782 1.642962959147420 92.952931679219049 23.740101890950651 27.149668986424622 33.609018207706931 0.688265788970213 -0.725438681730049 -0.005377990607888 -0.620278775037371 -0.584617628161006 -0.522949777781326 -0.376223929291251 -0.363264294822885 0.852346529960370 2.953591482705438 0.070856972909431
66.991654659091012 78.515291202313776 28.173010575394908 96.994416153783291 31.472963411877501 7.096081150858274 0.681089332919641 0.651891138215257 -0.333399556837580 0.320894542189008 0.143525643484456 0.936176843580143 -0.658136774064772 0.744606160046229 0.111434523576966 2.953591482705438 0.267751782843226
58.641016618632669 6.395526612098113 48.562759593462289 90.357728731383418 33.685118316825907 7.117042522182339 0.832244372965264 0.441502667154415 -0.335327747976800 -0.276583874522892 -0.193559282088804 -0.941294940319543 0.480490024892879 -0.876133665152073 0.038976105059845 2.953591482705438 0.182580176633522
97.749513974444682 87.650524531659073 33.815895183684560 71.449829183535726 26.652840414628361 5.363356796528343 0.483201822783986 0.816312295720278 -0.316465218174323 0.293368584257475 0.189602106934993 0.937009026005927 -0.824894461267014 0.545605422353646 0.147864298832754 2.298846148366824 0.225407365711741
96.157015454149857 23.170162647120453 94.931882241568147 58.022595652357779 14.343973155744257 26.027732017950001 -0.387038269511408 0.920906560931919 -0.046178825950433 0.919301615165915 0.389268181650152 0.057920834836207 -0.071315624423781 0.020034689599038 0.997252572283329 2.953591482705438 0.116128470551996
94.137770470649855 79.920258735239173 63.044793686679114 79.337707854318168 12.611168620317182 21.650501564185070 0.868931459729227 0.494855568454583 0.008722652253035 0.494713677669645 -0.868936433842069 0.014417040903133 -0.014713783313950 0.008212205021803 0.999858022055767 2.953591482705438 1.018947228111545
87.428796662494705 29.302028450779673 84.894355531291822 67.237851873643294 11.980837839695754 26.890688593385747 -0.467366470869789 0.798071421803418 -0.380329577613140 0.859874597806502 0.510308833374542 0.014162295965681 -0.205388066726926 0.320416760299122 0.924742581352017 2.953591482705438 0.137701046793404
61.787669191752379 1.323685775889949 34.723351793221958 91.462529118964994 33.043468459489418 7.167605759470371 0.819898824310235 0.463999392704768 -0.335366190103148 -0.270663940904425 -0.202029690416744 -0.941235908412020 0.504486817457880 -0.862489749365012 0.040056001441717 2.953591482705438 0.183838899679264
14.814086094816503 98.182938981825316 47.837030703998806 58.926062815422391 13.164365678239720 27.925154305082071 0.802136799218281 0.444695156111280 -0.398525750072708 -0.269479715461403 -0.325988437952696 -0.906152427175473 0.532876381813541 -0.834252813272047 0.141650998065610 2.953591482705438 0.095160321328569
49.739136549866267 63.947251639872363 36.858460612961750 88.850290887334666 21.986122558985937 11.089078170679169 0.132922628782809 0.864386479630790 0.484940809366420 -0.255356271319714 0.502631731384511 -0.825926459984847 0.957666303811072 0.014048360648108 -0.287537639462976 2.953591482705438 0.585018590637386
13.690027168559894 82.211773319424552 18.984791190275796 41.968363462935898 33.258476520240983 15.519529743764087 0.517330503537330 0.855721443646422 0.010486228754735 0.853008054318121 -0.514626240371532 -0.086816426956396 0.068894189727626 -0.053857623459876 0.996169135748056 2.953591482705438 0.084108558405333
51.131898254645606 22.431702897473926 9.784448449403405 164.316801649091218 8.870466322423390 5.921362669225186 0.908416085857277 -0.357794367475981 -0.216248481054104 -0.174556725611644 0.145401784965335 -0.973852283702531 -0.379881777003696 -0.922410706535520 -0.069629907145974 2.173365694826676 1.101928225644715
86.219151742168336 97.291948902313024 96.083465806300012 92.583327416197420 30.900344328362973 7.571934343137231 0.553134288705957 0.708658131498067 0.438002410175359 0.573048428022785 0.057969443411264 -0.817468679994043 0.604696583253427 -0.703166549469083 0.374030541412561 2.953591482705438 0.417763148731304
90.655549922117899 77.404733269863883 33.314515202864193 57.901115682218261 22.093166227171412 4.375470632902078 0.460827231212545 -0.783012104087509 0.417768246549965 0.374924237861196 -0.254901799993866 -0.891323111011988 -0.804406662601188 -0.567377402803760 -0.176104525638833 1.881218904396164 0.184412626287775
8.110138998799677 40.724117141380731 23.223414217094273 110.385086720549140 46.298370719264213 4.238642928195806 -0.427263904048223 -0.718464814957962 0.548865981788718 0.842308768033302 -0.095692427853259 0.530432746487026 0.328574946689020 -0.688949395034912 -0.646055133474951 2.953591482705438 1.862549828161231
13.248763475798297 5.342718178682526 72.559436421057882 77.499498664316036 5.035978024028521 22.179028367707964 0.223588145301873 0.756982432933470 0.613991805735706 0.320321206695835 -0.652017478677819 0.687217237880093 -0.920544765788928 -0.043020968477530 0.388260905126776 2.175493839065653 0.120970244390631
1.142745862503103 77.058074850277620 14.694664540037506 62.437154261478227 15.601752814071579 22.237525029334659 -0.153578514421711 0.763499131377967 0.627282006989767 0.976480145015811 0.214483413458924 -0.021986171583701 0.151328008967013 -0.609151821581531 0.778481786534522 2.953591482705438 0.107923058623852
7.952208258675575 8.960303423860537 67.204780735391438 77.269876016501755 5.007514963351397 22.371379477989638 0.200334531906196 0.747800966794578 0.632976926425458 0.295881399980886 -0.662086573510042 0.688545979817676 -0.933980873718127 -0.049346562583696 0.353899200747751 2.175493839065653 0.120062901248235
24.536720985284475 42.053946668009843 55.736879132391692 1.956594767120006 69.601660790337306 159.067865444401235 0.578168517483106 0.796757068462057 -0.175782078856568 0.737695586244603 -0.418415405579367 0.529843156423753 -0.348606350238518 0.436012295961482 0.829678787449563 2.953591482705438 0.579488025868673
86.055117382879374 72.704426271132832 27.032790523871462 67.490984539067469 25.752345575527396 5.100157697428059 0.460827231212545 -0.783012104087509 0.417768246549965 0.374924237861196 -0.254901799993866 -0.891323111011988 -0.804406662601188 -0.567377402803760 -0.176104525638833 2.192795674059777 0.214955956598594
13.148279929112761 5.537432042119795 30.159863448094249 157.183880638333818 18.996298862558948 7.254808334925639 0.475967007812646 0.842390966082713 -0.252651672735626 0.833769634550092 -0.340821531065994 0.434360311796598 -0.279792072754184 0.417394470763647 0.864579812278689 2.953591482705438 3.390436525391527
