# xi_x xi_y xi_z eigen_value_1 eigen_value_2 eigen_value_3 eigen_vector_1_x eigen_vector_2_x eigen_vector_3_x eigen_vector_1_y eigen_vector_2_y eigen_vector_3_y eigen_vector_1_z eigen_vector_2_z eigen_vector_3_z scaling_factor local_bandwidth
26.494746752403547 10.565907751154285 11.384144531132039 16.430074114367493 5.401080750096291 7.178580069387713 -0.364669134365824 0.767506847647875 0.527209314461061 0.909529799684906 0.414877480777439 0.025143974007710 0.199429099998008 -0.488681813409694 0.849363361180948 7.093929258213622 0.727834819650195
27.169101554140337 12.641125838188323 8.617920368071555 16.606306037286050 4.501969181687579 8.599087126575563 0.572924706175224 0.716603917563546 -0.397789022456140 0.555073189277498 -0.696340116241360 -0.454977139050169 0.603034854381850 -0.039865622352454 0.796718078466349 8.499049018246707 0.730055509173664
25.343627925518280 9.785948583262465 9.854026499900971 15.504893725295123 5.137778951965949 7.927767332287317 -0.313632295334814 -0.931195821475365 -0.185766319309600 0.111198172603576 0.158272414077722 -0.981114065413210 -0.943011001914952 0.328365931559336 -0.053907933168768 9.727621138257392 0.725735358451057
24.580673970131322 10.203708371908368 12.056653316946923 16.571912362541362 5.586281577131086 6.722357830111948 0.265234783662660 -0.738781750636397 0.619557934709938 0.963844739058133 0.220198999836596 -0.150052389054362 0.025570070891200 -0.636956768860795 -0.770475337747442 7.204559114593775 0.722191335090134
25.076269872380447 10.172074458526128 10.627717403587347 5.006833820979286 8.962473166956032 13.816386584195264 0.943624366417583 -0.330922379745237 0.007964526775860 -0.199006252575378 -0.586364300673674 -0.785221891143757 -0.264517611018471 -0.739369518900544 0.619163264399511 9.019155260137431 0.721287526522496
24.471886759188408 12.112946888517310 9.709862400949488 5.401559900196836 11.205825418508788 10.445891369611362 -0.078123412867834 0.995251356409399 0.058064360214619 0.856557615122402 0.037207681738324 0.514708306126376 -0.510103699592255 -0.089946239415057 0.855396919375668 6.255165693003139 0.726021417403831
24.442744589615678 8.792126221914426 6.389527177847055 12.999730975397428 5.056674198606284 9.784300848822522 0.985327471310307 0.143127476300359 -0.092974726722519 0.170429544023459 -0.795935650656751 0.580896041075828 -0.009140284743531 0.588218467528438 0.808650412510439 9.571695884262269 0.730168275609175
24.924356282291011 11.222497396233360 8.950420162622304 18.288221054597809 4.683677995586343 7.370131866236350 0.682493874677851 0.707948512902620 -0.181689334046285 0.730869224624388 -0.659117703840715 0.177183602459961 -0.005682211203322 0.253717866069208 0.967261576262145 10.729007973473943 0.725645485954225
27.209917772502319 7.943216338332531 10.064712315761788 13.838988104329653 7.283372713042524 6.392656636831196 0.135877406070850 -0.791198978096383 0.596273014296887 0.637411200543436 -0.390934563852578 -0.663985789160558 -0.758448608635570 -0.470291764593675 -0.451199916017429 6.708476862256272 0.730610648203551
23.735282060636255 12.167677153069308 12.077987100384831 11.781458855977984 7.868995903286153 6.741357511161205 -0.654544812242226 -0.555175944393510 0.513177122963956 0.529905215569380 -0.821039895669848 -0.212353366422133 -0.539232372247028 -0.132940439615710 -0.831598032847376 6.186162754772590 0.723216786132874
24.219128750875377 10.534802564002575 8.744481355219957 16.096904077006617 5.247031053540283 7.469173303397890 0.546450601857170 0.808094689446894 -0.219942521167835 0.797915681450104 -0.582130198385886 -0.156380936892015 0.254405788114091 0.090041129573858 0.962896822073431 12.488910369417187 0.725475510543610
21.198730770336994 9.507977919908582 10.221110832569900 14.747125525187320 6.218958877706303 6.833560940880775 -0.580964457906387 0.795658812613031 0.171485721157062 0.747264679605770 0.437899943176395 0.499839112495006 -0.322607807195087 -0.418533981508468 0.848972030787497 7.417492786243947 0.723886747307944
25.739893766346370 11.700421889275026 9.452237161750867 15.431993286041282 4.514321265705581 9.088934932493810 -0.527784457844682 -0.811123335755539 -0.252036704173027 -0.709294320668274 0.584131514540347 -0.394578180324928 -0.467274151569854 0.029484028110255 0.883620710124580 8.475572832759788 0.726366392620398
23.572479350193671 8.517122175935596 7.991791374428427 16.046372838309079 9.065362651850753 4.379154403894582 0.948555908600356 -0.316601342228978 -0.002297467771903 -0.149405153697427 -0.441205184234380 -0.884881961310861 -0.279141161973654 -0.839703266340864 0.465809656607162 9.676134539977301 0.727831231936011
21.586969555345181 12.758813021080531 9.279242972473774 15.028543761673944 8.951157138789601 4.682900623630784 0.716470831875717 0.689887017814868 0.103563747140716 0.606634708834923 -0.542821175185617 -0.580809350653787 0.344476235911982 -0.478958322216676 0.807424949126109 7.475821159008893 0.725131751801052
23.380469381334340 8.228279810939309 11.099537405831772 12.127613720151260 8.737782109448510 5.890782693514733 0.626518084104108 0.767929124053610 0.133266465101964 0.221352539305123 -0.011367664995643 -0.975127596540945 0.747313952521757 -0.640433943996414 0.177105109309433 7.800191048359941 0.722930316281326
21.717603775698798 9.699139810458353 8.733619044508307 16.916795310267499 9.207103973780997 4.018273052089538 0.795313769957396 -0.605838956596354 0.020860632454364 -0.573123485117997 -0.762687088806658 -0.299729670492973 -0.197498045869716 -0.226423415833843 0.953796078121408 9.484211153835735 0.723558156331096
24.547162759788595 9.277612446720244 8.330333953039915 18.008809349567336 4.115715958273507 8.543988073381506 0.213126428634684 -0.705067668386930 0.676355460104258 0.526080524028106 0.666152718702564 0.528658526464385 0.823296063184889 -0.243146331168290 -0.512897118322634 11.710587160295731 0.726401820717343
23.960144310465580 10.605752740500753 10.094069558025664 15.587730971574679 4.293111728671716 9.245926407835434 -0.489928758490978 -0.860950685793143 -0.136871210397969 -0.659409811268989 0.468687626716937 -0.587801505071772 -0.570217951669082 0.197726642602258 0.797342876308276 11.264624642543760 0.720800517231263
24.427759860020327 9.102933092203484 9.487006523429960 13.408809312994023 5.233943760907835 9.004710114937904 0.278372202790429 0.844767095511026 -0.457031148889733 -0.288529208737526 -0.380311705027634 -0.878700121044871 0.916111244565256 -0.376472524045034 -0.137871774559767 10.079787746646424 0.725899084702158
23.048997314595766 9.491515042555243 8.850037499739475 18.865130978242611 8.629011442368654 3.889357757074509 0.998994787550903 -0.037471685408022 -0.024602586018715 -0.044118867846673 -0.724769664069931 -0.687577238965840 -0.007933469988209 -0.687971516006762 0.725694324917389 11.296095037714245 0.726350381097763
21.558667731293824 10.250918456694796 9.431795950911317 13.527992944019999 8.074841377289919 5.718931277046106 0.661673284747181 -0.749791249471138 -0.001243570820806 -0.747358334557531 -0.659658009249121 0.079415556416109 0.060365420724693 0.051617759056330 0.996840821260212 8.006245065949386 0.723114932188068
21.694551388362420 10.654472942190161 8.716886347970293 16.914341812895501 9.205768637803404 4.017690268991885 0.795313769957396 -0.605838956596354 0.020860632454364 -0.573123485117997 -0.762687088806658 -0.299729670492973 -0.197498045869716 -0.226423415833843 0.953796078121408 9.482835628110287 0.723453216358572
24.073461883237737 11.031089761229698 10.182409381707489 16.933536018328038 4.982633237549418 7.337021849144390 0.089846056279318 0.969805262537233 -0.226727675695188 0.534167832950958 -0.239058630742532 -0.810873416328334 0.840590514109891 0.048256852597268 0.539517250665699 9.964983277350123 0.720922717077989
25.611355901058324 8.253692577687382 10.568997005660739 10.688155653838484 7.405600864294029 7.902559579473039 0.853653978324035 -0.509482058598528 -0.108180022452177 -0.190977981872266 -0.499421668638721 0.845047576964819 0.484564026452175 0.700718223582290 0.523633149645947 7.230812429471180 0.723419477939045
23.031532281742255 8.768506861551156 9.181382953515044 4.311018377265549 12.767247598901291 11.317616597424944 0.264645714400712 0.846846114846087 -0.461318007040073 0.863371696605956 -0.421171554555118 -0.277855781176814 0.429595110946446 0.324755568703160 0.842604213879326 9.260448832347160 0.722421438122993
23.559398183673789 10.079429788716633 8.352229292967325 16.575501592028314 4.220237002542900 9.040308179189941 0.977668747058546 0.158548040119103 -0.137935999649706 0.199342348455488 -0.491860835906663 0.847546781135678 -0.066531564968990 0.856116485693150 0.512482305828393 11.147145789261424 0.726064996333462
25.273961035195523 10.658546137754561 7.827423343756712 21.139986429127248 3.872035825018966 7.747079948520066 0.231960604787603 -0.724882255783290 0.648644735642784 0.738644970976045 0.565152693598886 0.367431680411095 0.632928024879897 -0.393888497126345 -0.666523793388639 11.448164975655319 0.726731442800889
26.104706436697249 12.681192185498803 11.667046056582318 5.023187476814464 9.177590599720190 13.900559313121004 0.644722491081232 -0.718701778146924 -0.260385605559254 -0.749751102449142 -0.660940120898777 -0.032116054592789 0.149017428075733 -0.215930337550702 0.964970411699205 7.528752895245500 0.729278419323236
23.745547856986420 8.485727120713245 11.491219933093745 14.886001049723735 7.405963126460950 5.658120421747466 0.883504882612149 0.370447975940322 0.286683483169526 0.247316775588978 0.150856830065860 -0.957118921208202 0.397810928598956 -0.916520874800023 -0.041664747005555 7.639223635387681 0.722754004909992
31.725042547491825 73.865710736853316 40.658623310344517 15.664596427868467 4.970989078238545 8.796525929594241 -0.611809389288711 0.772975991724125 -0.167920777142913 -0.029193368421143 0.190078005375649 0.981334855751411 -0.790466329718352 -0.605292051897694 0.093725735478992 2.164586079633713 0.745654511872327
36.088403807120812 71.126929496619297 42.234380545047792 4.799738184723078 9.975864577113001 14.154560341455284 0.808912257796883 -0.473177902220100 0.348946460128963 0.141912981628980 -0.418824129657180 -0.896909724588868 -0.570545059422235 -0.775041302942941 0.271641885395804 1.618354514770328 0.743021545018105
33.033203980956756 75.647418366832298 40.401331275561873 14.851280172311389 6.328180321194695 7.391839105012521 -0.405043078305709 0.723378357593096 0.559163532861855 0.314244184713409 -0.464176067267690 0.828125093780949 -0.858598099864215 -0.511140225712883 0.039306139059224 1.976310580021611 0.749166464724556
34.271201983646485 75.955045380031507 35.738011629659731 13.982023753137550 6.117378544821674 8.349379666657665 0.992395096803158 0.108651703098626 0.057851354822673 0.005873919773254 -0.511244497662989 0.859415243450926 -0.122953116705304 0.852539659501589 0.507994744135573 1.546810283315798 0.756095142940469
28.982373671709507 73.065501554048851 36.290258063386830 6.400823532174951 9.451289363631387 11.829772017930230 0.785507053437666 0.548086455588001 -0.287367197502878 -0.409985709445228 0.113052507593605 -0.905058477987744 0.463562711022326 -0.828746262572435 -0.313511156455159 1.814416513463932 0.756625564328543
39.146269855208736 68.692021937321840 37.636340347795525 4.885827082611519 10.427724821652582 13.788871004957331 0.869994402419999 -0.480945391426635 0.108633651431537 -0.402367892674713 -0.565180956908591 0.720187867776457 0.284973364899912 0.670270107056379 0.685221252504803 1.743942722073669 0.751966861920032
39.080876612137835 74.681798850501934 45.905739979604228 12.703000367866441 9.253411249380258 6.418209368336388 0.665269672131315 0.559204806836960 -0.494677922847513 -0.745975359681324 0.470701581421480 -0.471127142070628 0.030610881898637 -0.682444140760074 -0.730296493659687 1.333543349823051 0.770052968591270
35.865164781979146 67.276565255788299 46.040155730655641 13.681051407703011 8.587041234607772 6.182780903514672 0.210815946235053 0.921371228846780 0.326545089484428 0.752007174021010 0.060560094140355 -0.656367035444837 0.624533303382576 -0.383936887588423 0.680110740479050 1.527691648460991 0.760376829724164
32.152498927190628 72.537589933686178 42.995473736241465 12.817088124135656 6.775249062435226 7.901508425231792 -0.120091937415972 0.985310052236946 0.121416751432848 0.878432373421657 0.048483238501222 0.475400821317367 -0.462530530767939 -0.163748210815451 0.871350693786530 1.867644596187738 0.746084690979501
32.509815045518231 71.941889474415674 42.916273555553069 12.793374738574066 6.762713914690490 7.886889541910483 -0.120091937415972 0.985310052236946 0.121416751432848 0.878432373421657 0.048483238501222 0.475400821317367 -0.462530530767939 -0.163748210815451 0.871350693786530 1.864189195399940 0.744704331121829
34.190362047890460 66.523389440364141 40.943111915701216 15.271986799347605 9.440268373518085 4.768173960790435 -0.371926606438315 0.772287098683361 0.515017705162177 -0.201406382415976 -0.608740254597980 0.767379157622942 -0.906149032193595 -0.181680873069302 -0.381950247827368 1.687299221640679 0.746547144591948
37.194400489855802 67.803583573700536 39.526814035932240 18.549777314881720 4.485866028120820 8.241812994233236 0.084562261729836 -0.995961593465392 0.030161701427675 -0.558378469112324 -0.072436442210156 -0.826417840484892 -0.825265235619987 -0.053042117056281 0.562248899238829 2.119115889570597 0.745960502931537
31.623923644647739 75.847885376329913 42.125982691148756 18.913257886141960 7.212381675538310 5.193034084199709 -0.500720156323193 0.830117970390026 0.245323215956461 0.402515803955663 -0.027613064609529 0.914996473342273 -0.766329141177342 -0.556903648666817 0.320309184201739 2.034574904884131 0.754053200158843
34.288507462116449 67.565311597577036 41.705255670885975 6.351113693946531 9.505984210704451 11.294426119484243 0.663317685165161 -0.618530614566306 0.421223844756395 0.741854421144855 0.469574146261875 -0.478698379974555 -0.098293775870928 -0.630015872821200 -0.770336506741292 1.701191742849171 0.744532447409629
30.867572891681274 70.100657063341671 37.989278151036793 6.387182911254487 11.316670526099873 9.446839057594923 0.824910471134336 0.538105980067544 0.173103058403009 0.467307317491735 -0.821492825591401 0.326762005931739 -0.318035510016737 0.188657074390027 0.929118895863705 1.658424457791871 0.744877338365940
35.139069897203406 71.823340258439671 39.341301498594831 4.592371849807889 14.624171183440307 9.977732507445269 0.822368656367167 0.542449302460251 -0.171634924433369 0.563919085679976 -0.817165357101709 0.119314894119284 0.075531833227595 0.194909038818684 0.977908691420654 1.975913486915891 0.740218558744791
34.252283180726643 66.543436009751574 35.284229429030589 14.342001877979943 6.429498101476404 7.673217902177286 0.862283293633453 -0.490183796419712 -0.127229584799304 -0.425946962654065 -0.566100254555853 -0.705761777654170 -0.273928287196524 -0.662759645361240 0.696931091252372 1.884653485467277 0.753762812651330
34.389478560972222 70.527067870958732 42.008145726388534 7.172777717288655 9.168060952757042 10.233755342400769 0.692768587159817 0.616483018163178 0.374192962201335 0.589188404633416 -0.184635340462688 -0.786617324305636 0.415846977252596 -0.765413926819107 0.491134209907264 1.846200459586119 0.741275897542268
40.536165482499243 72.986706382197070 37.113402668772750 4.854406547936539 16.124606611028497 9.251442873311303 -0.938954225756416 -0.343693642685093 -0.015480371830811 -0.342712274809596 0.938329943832468 -0.045664134746969 -0.030220169241759 0.037571218841142 0.998836896037481 1.496556282529815 0.759611438692311
36.532315653889725 65.838735392889390 38.540341315916798 17.879575205089367 8.057783658081847 4.859208770406999 0.144302868621533 -0.884571098317080 0.443520748251658 -0.478235402569585 -0.454733924181713 -0.751337446110207 -0.866295320220942 0.103687174811616 0.488652625024037 2.042651315544476 0.751091246213264
32.784201095987889 75.418065412883877 37.644878463933544 6.829147877464676 8.582328419911516 11.899863010925189 0.777451287698146 -0.626918246248783 -0.050428243840576 -0.560739085702651 -0.727224841089044 0.395873348772520 0.284852897162464 0.279495157423818 0.916919453362609 1.831712704357524 0.750155188369424
30.386571871696397 69.688665781422273 37.901897437030307 5.686134107304900 12.551373108485034 9.633011725243451 -0.773942476796872 -0.632229504309316 -0.036040206579871 -0.578423291141344 0.682616703623065 0.446610492711487 0.257758683412877 -0.366497325795943 0.894002332944206 1.701928218174168 0.746569179183325
36.562735607620610 66.584956716590398 36.371385514736858 14.316710522819385 6.418160024590621 7.659686591775892 0.862283293633453 -0.490183796419712 -0.127229584799304 -0.425946962654065 -0.566100254555853 -0.705761777654170 -0.273928287196524 -0.662759645361240 0.696931091252372 1.881329999592636 0.752433592144752
31.615491453330755 68.425083107136814 46.101716108364265 15.201654600712065 5.809189421459321 8.200095699438977 -0.530158171274380 0.782613328858721 0.326264755871174 0.309425023421811 -0.179679890113969 0.933794030806068 -0.789422870400533 -0.596013015446227 0.146901385654728 1.872173423953920 0.759605943679305
36.002332207840368 70.276861334752397 36.124832634826511 13.048230161204467 10.361158656935263 5.066075899544122 0.453674690459753 -0.887818689498502 0.077183222357003 -0.885904640934820 -0.458699452278750 -0.069049110416595 -0.096706992541365 0.037051141093603 0.994623029362012 1.444046416802735 0.745630714481961
35.670110177347894 66.837041351592418 35.115004870586354 14.351906407258639 6.433938287214432 7.678516995847787 0.862283293633453 -0.490183796419712 -0.127229584799304 -0.425946962654065 -0.566100254555853 -0.705761777654170 -0.273928287196524 -0.662759645361240 0.696931091252372 1.885955019645408 0.754283358242567
36.756880071970166 71.002260541245363 42.912011286611012 6.648322704519685 9.218593727589868 11.171139724389624 0.786265364427259 -0.495591041464395 0.369020726141915 0.533318395239928 0.242735438628950 -0.810340049690449 -0.312022861343167 -0.833947855956143 -0.455162287042078 1.449861999069453 0.745540656098884
34.007905336579618 72.709536302568281 37.941276310109082 12.544339294788138 8.209093533598828 6.556643398566262 -0.593358553442551 -0.609834343930749 0.525383383843757 0.266363483576160 -0.764685622288552 -0.586776272255741 -0.759589442839839 0.208225771766425 -0.616170354933228 1.786888301603996 0.742086904793754
29.729436966235927 72.155391118455213 37.459395567019683 4.667938232858821 13.082120537745945 11.402042430513333 0.889142588169373 -0.453362523348844 0.062352869430668 -0.434055782873243 -0.878641528077937 -0.198958896486596 -0.144986327830471 -0.149838204606293 0.978022227345881 2.048367594420530 0.749736315928865
30.819452142246469 68.559479740646537 40.055273954103470 17.524659156908903 5.362797975094488 7.283061373696861 -0.370010041072583 0.925583954955056 0.079918157106015 0.469414047801156 0.112028949341988 0.875842432310895 -0.801712555241839 -0.361585199972408 0.475933947022603 1.863375497226641 0.745472413185875
89.646006088746518 18.625048706581982 79.356381597167115 3.496362891219301 10.290064840093381 17.947170435243248 0.664889519177907 0.713817895059885 0.219968043087278 0.743907476369149 -0.606306009447215 -0.281059939355074 0.067257667885937 -0.350509679752884 0.934140979997171 31.043193110435915 0.731122441738230
87.776596847775579 20.625231451027187 78.397942344393257 2.364477589984447 18.796266634775442 14.619566198845510 0.651693518887510 0.731767594705146 0.199528806891288 0.714949125371029 -0.504813702010775 -0.483746704788132 0.253265286944768 -0.457907538266867 0.852160419655339 24.586219763333123 0.732645145526093
88.895616660571548 20.052165079260973 79.260437003608686 2.336131651923721 15.256774168444071 18.090711106855608 0.604611784721670 0.709532264116489 0.361951040823763 0.759632835758275 -0.376954674569147 -0.529965214102124 0.239588281461174 -0.595373109485302 0.766895244403226 31.734323007093646 0.730777450305112
91.543014595406731 18.707143090276553 80.267050869349177 5.014844182021815 10.835529942101479 11.935935885066948 0.245745679979372 0.929191902838649 0.276064246997991 0.691560166127859 -0.367626716978106 0.621767748913618 -0.679230150535652 -0.038118298269873 0.732934784234126 26.335645111653687 0.732208231558268
89.960717181772509 18.831906502258803 80.523276660531749 2.484895697814340 17.501837706494356 14.840678711687843 0.391251420284422 0.837797466413400 0.380811937045978 0.380311897451063 -0.524005537274138 0.762089927477863 -0.838024574092308 0.153341456160195 0.523642254826782 35.359040742419488 0.731018623198112
89.828453668777755 20.771790551213666 80.823504153963725 14.827313650317835 10.503372953307439 4.143564907575194 0.634841626104338 0.717842118444137 -0.285795036263459 0.202518676297347 -0.511558193785224 -0.835041555925194 0.745628792037948 -0.472240306791819 0.470134871207401 22.011184965608386 0.730973641833734
92.163235949280690 21.336527949436391 79.630818162057551 10.307133398869601 8.478335376953490 7.454294457067114 0.390785787006245 0.875008168892353 0.285739694557061 0.470116499875591 0.077158933902731 -0.879225213164248 0.791376614020552 -0.477919661962810 0.381203163012481 12.502175806327537 0.733271702374071
89.760620822424073 21.099659595887115 80.655263730722595 14.829788850997806 10.505126336050202 4.144256614442575 0.634841626104338 0.717842118444137 -0.285795036263459 0.202518676297347 -0.511558193785224 -0.835041555925194 0.745628792037948 -0.472240306791819 0.470134871207401 22.014859407336587 0.731095667070266
90.640131526097591 18.383043955689164 79.975673875601061 5.010597999655950 10.826355253019432 11.925829457302557 0.245745679979372 0.929191902838649 0.276064246997991 0.691560166127859 -0.367626716978106 0.621767748913618 -0.679230150535652 -0.038118298269873 0.732934784234126 26.313346123328646 0.731588254233324
89.261969090794310 20.279924599043238 79.901849610357047 16.456986038972012 3.948095674063897 9.913336174642247 0.776283503247920 -0.622739177359231 -0.097876654862553 -0.199577474659427 -0.390066655431134 0.898897566983766 0.597957150800709 0.678265376753610 0.427087022167124 26.974662496875137 0.730520681388034
90.910178908092590 20.317218215191303 80.786327962108970 10.118335180581623 7.500696425869064 8.513051571068830 0.249560728570997 0.770774473211342 0.586196344411061 -0.880453531142913 -0.071406125373420 0.468724593719095 -0.403138961467492 0.633093892487468 -0.660810941981123 17.274209163646972 0.731271339836950
89.533580903264053 19.055553744081749 79.589950306797448 2.995817273427646 17.876991982976307 12.037116525272607 0.816919505893738 0.574584135213582 0.049955905068296 0.400116150184175 -0.626983410913114 0.668430152522724 -0.415390884892924 0.526065465508446 0.742095370385273 38.958210083504845 0.730730651379022
89.982979586138555 20.379151735555080 82.259308950690851 4.609475920393754 10.617357469032104 13.268376436818178 0.245003433617839 0.913837911960609 -0.323841918501826 0.721566605041339 0.051223051816626 0.690447560247487 -0.647545328146675 0.402835536697131 0.646845096116024 21.631637119425474 0.732501479212041
89.957742848339350 19.044054999507225 79.654018224300614 4.624512595336626 10.809527279618699 12.896727481274588 0.840151934463545 0.507033284075235 -0.192514871781495 0.539149113059873 -0.742289434873246 0.397900274895997 -0.058846927735575 0.438090908049277 0.897002450041606 31.187982531043048 0.730741846605232
89.536404025353903 20.481481473773464 78.459202985555379 14.685216135639703 7.825194750897294 5.621526748403785 0.942786466077154 -0.308882822300319 0.125479406555583 -0.237738639969868 -0.358985340003313 0.902557402455924 0.233739210332861 0.880750207351946 0.411879902158961 18.150710311583055 0.731234220765447
90.063261994200332 20.156506537965374 80.232181036200274 2.456471682280567 12.349996453068275 21.231622088523036 0.642223832236319 -0.685687023416863 -0.342610354813481 0.217676032087522 0.591715520382725 -0.776202221069247 -0.734959654921499 -0.423917502417537 -0.529271439605188 39.159126378226141 0.730522905817458
89.402683931034630 19.762078270263991 78.575939091017474 3.198751294367926 18.124069405671708 11.134525008861450 0.677981432343199 0.648010368199768 -0.347021238692196 0.689998001869632 -0.723802652754706 -0.003532319516371 0.253463872798039 0.237049114258737 0.937850618497086 29.524403749230206 0.731053582948541
89.506680116637810 19.457138523983282 80.416050046261432 3.988614698939377 10.555144268285893 15.304988523906719 0.440836786407779 -0.804022117430405 0.399012985292949 0.530952510694271 -0.124836933516746 -0.838155815715423 -0.723707371205457 -0.581346862649885 -0.371864849306873 31.932928809072834 0.730611219281358
88.843817568178082 20.781198101709993 81.494484544491371 3.967795285901023 12.098972226325897 13.489374549693249 0.303544679046769 -0.682056397410791 -0.665326760752495 0.848703279596362 0.510931458757891 -0.136571547746643 -0.433085870266825 0.523209437226191 -0.733954027015779 21.828621055551945 0.731829251939697
87.930014974986463 20.426258730778102 80.676908035030252 17.577833200452080 8.602521350658620 4.282193401156755 0.592644209409005 0.699054513963056 -0.400119516597043 -0.018251833467735 -0.484973593190975 -0.874338312372562 0.805257543664784 -0.525474452676161 0.274657765147187 19.971487322659641 0.731811179836800
89.362562974447769 19.602728185671204 79.867119422413040 3.002323227373749 19.257232544305747 11.139369834681778 -0.810710708894833 -0.585446470867360 -0.000759099592136 -0.383003739204417 0.529391854330404 0.757002245917442 0.442782432170330 -0.614000565404927 0.653411832953581 39.068876917652958 0.730494968939287
89.702209120598269 19.690987030952879 78.323996193670027 3.199776982399809 18.129880936287158 11.138095323647226 0.677981432343199 0.648010368199768 -0.347021238692196 0.689998001869632 -0.723802652754706 -0.003532319516371 0.253463872798039 0.237049114258737 0.937850618497086 29.533870827095065 0.731287997206385
91.152331564783125 21.079618592036820 79.186635740795793 4.611595066549695 9.779179168999480 14.356799953288863 0.528188071145177 0.737593209662811 -0.420682324990307 -0.822952043310090 0.322603569047067 -0.467628989317218 0.209206347684972 -0.593197432814242 -0.777399195903178 14.614408474363124 0.731785253945771
88.533575672197486 20.521064876452758 79.424212030186936 2.815913795318121 13.177972623440409 17.397274882166499 0.459672490802651 0.671868471655318 0.580770142134419 0.869376414000546 -0.206894862971033 -0.448752901334075 0.181344566995647 -0.711187227438559 0.679210479563896 24.270390597908264 0.731076754464612
90.141953163320778 19.680671582854906 80.691538751070183 2.421461464332393 10.519963093491761 25.308033979516029 0.483164259380876 0.875275130619414 -0.021112654406725 0.318643920220623 -0.153333251934169 0.935390274675617 -0.815486572889684 0.458674568262141 0.352986246001422 39.113303099705767 0.730740722435514
90.694749143656011 19.274402621536417 78.616636044604945 13.563798120100877 8.754190820334291 5.446030428311569 0.376444628808001 -0.819745456498191 -0.431632746663386 -0.667645564473594 -0.563052631663471 0.487053522947505 0.642291866428607 -0.104829006135762 0.759257556954322 18.392520327528953 0.731485482184526
88.417061602664916 20.610379379107204 78.811140742215969 2.753282616308025 14.421313520610457 16.290205845504094 0.469968541675989 -0.658885387084635 0.587366679784676 0.872467400319047 0.447698098578161 -0.195875082412292 0.133903716212309 -0.604513406977736 -0.785260043277833 23.571120781902920 0.731544319501632
89.493183645701308 19.403685961549492 79.947432703730456 2.995009301617894 17.872170558888282 12.033870115383259 0.816919505893738 0.574584135213582 0.049955905068296 0.400116150184175 -0.626983410913114 0.668430152522724 -0.415390884892924 0.526065465508446 0.742095370385273 38.947703055661357 0.730533573348905
88.063720194153490 20.188778596793828 80.523891023834210 4.840557844331202 10.581810072741829 12.626160478809474 0.420946877846002 0.906256745240074 0.038761291755703 0.774787620779994 -0.381445255651090 0.504186135893632 -0.471707397353253 0.182203810739904 0.862724696895874 21.316478868899420 0.731513156911819
90.088422087044663 19.689113828301529 80.097400166268784 2.576616277187987 10.811548232561261 23.120682605955775 0.502588128355886 0.856805388451180 0.115280959211621 0.358565949385305 -0.327924929931963 0.874011270104987 -0.786661066264972 0.397931861818252 0.472032414324182 39.696520842253172 0.730509739506497
60.892294755024210 73.800294122706489 27.373552879277074 20.770416819775669 2.926676925464645 11.544905460910154 0.920042752276259 0.371826243271290 0.123557997712355 0.314662561835346 -0.513267954791637 -0.798463198127019 0.233471210565979 -0.773499354491502 0.589228260047061 2.958581357379454 0.751709502021566
60.872275187098964 78.541170060678354 22.125801677047544 17.719274974025499 8.799765650786009 4.135215531950003 0.562678107520184 -0.802218489537419 -0.199596699275828 -0.325379719314655 -0.436873690554636 0.838611600659023 0.759948278224393 0.406923670416791 0.506844888381354 5.289418787397135 0.730777189339859
61.104040177484350 79.740383699863671 18.459251489187597 16.435598801039969 4.752023170075247 8.431061967464428 0.761726712684079 0.637236105039829 0.117057941281978 0.646806452019603 -0.737442961804546 -0.194471827550296 0.037600915006403 -0.223848217590867 0.973898427286990 3.920240447906702 0.735916773816129
64.616346377062484 79.752823576150689 25.281175532186825 3.283253871343856 12.536453523421612 16.015165459855162 0.127617394342831 -0.952851650307977 0.275295356238555 -0.612815903065533 -0.293996642827971 -0.733500267863522 -0.779852851255365 0.075097979408567 0.621441730074212 3.500767625982140 0.736179033451491
58.452529496535718 83.435443532364488 23.640283953291188 15.211451884736004 8.414464202396136 5.033848641904878 0.233876208488593 -0.943568348699112 -0.234479616248901 -0.918215580427545 -0.293645590170751 0.265805220478037 0.319659298258484 -0.153137319770535 0.935075876242346 3.812113990882616 0.730598894277600
61.361416201568737 77.662742419584930 25.708203198359193 3.021434798152281 17.332174169954243 12.820065601285124 -0.302902522815994 0.858358216607928 -0.414090851931509 0.656384083945083 -0.127119598537322 -0.743640062134420 0.690948620387422 0.497053095402661 0.524907824608619 3.220454851035667 0.740682506303742
61.542480308013921 82.911016665559131 21.595553520819475 13.181655626533493 8.037978815924175 6.165130841997184 -0.293304858882799 0.801221589419694 0.521551746621100 0.955879013374177 0.236442968937782 0.174327376595583 -0.016357614329500 -0.549671435575532 0.835220774026713 3.389184181135878 0.733949682187791
58.924390664100834 85.151714350518120 20.629732563169256 16.815815668134654 9.481323582402670 4.125716422721728 0.893506537952590 -0.446919473672412 0.043692684609106 -0.391355372301554 -0.822724694117836 -0.412268177597332 -0.220197727523898 -0.351264945220965 0.910014230137212 3.473225037094048 0.735656948473054
59.696007227762529 82.542166369811994 23.218519670909391 19.020688326657137 6.988704695616813 4.879681421066207 -0.446697759109239 0.705829915582364 0.549786542465143 0.842665528321570 0.125435422254397 0.523622728901629 -0.300625879433744 -0.697187266889502 0.650810260753342 3.998023432471318 0.732236506491719
61.303524055662010 79.106804817021910 23.827470120701090 17.224104986092556 7.806196418695382 4.807036937178567 0.820575385083390 -0.445530766814127 -0.357992141278636 -0.193961315509740 -0.806274049329968 0.558839123060285 0.537619796399815 0.389133001940304 0.748024372143013 3.662296168302778 0.731359848276157
57.078517145091041 83.707692915204191 22.735777162596165 15.565630682356844 11.127935686483129 3.745998785105755 0.367225003089545 -0.928437237530710 0.056125689948779 -0.927771101170895 -0.361328673584666 0.093179254545690 0.066231268582355 0.086289545206178 0.994066161505402 4.347933082105572 0.732312141909827
58.479075299049320 81.490077870479183 21.969799236819945 13.183805527034936 14.729629265873804 3.326811911928159 0.930498842643529 0.365675423915196 0.021292913926828 0.366123308886446 -0.926711630453837 -0.084612508954827 0.011208324098341 -0.086527673758357 0.996186395783878 4.754247112023370 0.731251660419673
57.016507358388480 76.988648110547700 24.551323930379478 4.265186809696271 14.448356596011829 10.936371604113496 -0.474991833607016 0.700415850923150 0.532729193664328 0.595713518632592 0.701506806518053 -0.391169533741089 0.647694497216876 -0.131551648353199 0.750457195375282 4.226957888115194 0.741634350823620
59.643182944901589 79.701034223883624 25.409908412492268 14.486483001907120 9.728200834006822 4.701471173036422 0.458116857656525 -0.842686447884738 -0.282857729755286 -0.638781115654701 -0.533386669235411 0.554488365400835 0.618132373374707 0.073336291379896 0.782645614152916 4.475560103744779 0.737433738746642
57.480340892818745 78.366154874947455 22.139382583503519 13.103329275293904 7.788707394328658 6.369661999474452 0.145970555447889 -0.969409518747908 -0.197326586914145 -0.360752375363763 -0.237888050043221 0.901813173177259 0.921167911192980 0.060452134847206 0.384441437387774 4.452120491043328 0.732770074202268
60.210976567498122 79.905701768204437 22.358500735942105 6.590233471935568 9.223048692296597 10.560464163012501 -0.614571889651994 -0.567384342923302 0.548066054280933 0.487890614311513 0.272559554838196 0.829261139529123 0.619890426540298 -0.777036869441790 -0.109314054959967 5.229973141080786 0.729680405805531
59.862199175705399 79.760058107868531 21.390915670291019 13.691943786881826 9.241590867758024 5.080298482393703 0.261289363902966 -0.930332183427031 0.257312838372042 0.214720617259594 -0.203874152041980 -0.955159874917714 -0.941075408686701 -0.304823487626949 -0.146491353178612 4.828630989552217 0.730040475658555
58.182092412362373 80.613837236806376 21.007853312242133 13.084180241240656 9.651918678816532 5.028667823048998 0.561116248845652 -0.796886333118958 -0.223876589597050 -0.827565026227393 -0.545603793121276 -0.132108396012253 0.016872541202774 -0.259400603352993 0.965622412920011 4.465041534037493 0.727083498302559
57.412074966332362 79.301693297636518 22.647445834048149 13.091146855577984 7.781466081794362 6.363740001003999 0.145970555447889 -0.969409518747908 -0.197326586914145 -0.360752375363763 -0.237888050043221 0.901813173177259 0.921167911192980 0.060452134847206 0.384441437387774 4.447981268155141 0.732088803632655
65.046187146379864 78.424242279422614 25.109195101537523 2.551363993635333 12.556334299340067 20.723854097523365 0.255638721618809 -0.966760560299534 -0.004781533062966 -0.659942615499307 -0.170888855067662 -0.731623361752205 -0.706487500425192 -0.190186798340460 0.681692301174048 3.318179847260788 0.737930034987003
61.670763907276388 77.341438258658997 24.729046221276320 3.018308594853640 17.314241001217368 12.806800998853181 -0.302902522815994 0.858358216607928 -0.414090851931509 0.656384083945083 -0.127119598537322 -0.743640062134420 0.690948620387422 0.497053095402661 0.524907824608619 3.217122726647416 0.739916140570525
57.352762411281773 74.053910111959041 24.355771672552915 3.439506848169938 11.625029647911424 17.451888653128137 0.449757065242881 -0.878424742373080 0.161519516625392 -0.492645099128531 -0.394831646280511 -0.775505497981840 -0.744996233929240 -0.269217278572922 0.610329966779478 3.620962964177096 0.750281333360516
56.073709294381494 81.008320109995310 21.470505135308926 19.638775679444542 7.681254011996975 4.269003175293459 -0.167929242383560 -0.785224743408047 0.596004926063745 0.953557988464052 0.023971070585877 0.300254143037790 0.250053858576257 -0.618746709174871 -0.744731883093770 4.526096298973087 0.730473142354106
63.710868392394453 82.389259651468066 21.986198522554911 15.543223917406074 5.948648221734122 7.156943915832145 0.803580205924344 -0.592254171045467 -0.059108793980555 -0.389562675970856 -0.598435472240054 0.700082785858394 0.449999749041058 0.539546089267701 0.711611019742468 2.808517689610050 0.737126881746658
58.461948344258808 77.285240396735134 22.014067021375620 3.948209972100223 10.471593356921971 15.746822700738544 0.471024013069865 -0.857395834835646 -0.207385538353197 -0.663134398160346 -0.189132382960997 -0.724211096084567 -0.581712256264276 -0.478645300950485 0.657654564942679 3.890380421306009 0.733131528872680
59.373106054901825 79.184520443784848 23.350400472725294 14.305239198823656 8.818254664150057 5.101356236283840 0.604495265594161 -0.772759917484478 -0.193462099139928 -0.418527559469123 -0.514723904726076 0.748260638994436 0.677805396732030 0.371350793499790 0.634569485815392 5.270155274339589 0.730299582160560
61.293613395366762 80.781851134472518 21.291322241551768 5.560218929037720 11.210275037883685 10.354561023884850 -0.674326953240147 0.720876844834759 -0.160061659103434 0.738266946544541 0.662742358768583 -0.125437161693237 -0.015654896156174 0.202753891392838 0.979104582642427 3.703975026278178 0.731015409444122
56.785000527110064 83.051185969820537 21.458344756314542 9.969272759293274 3.541146003178228 18.316725474203288 0.997098289164386 0.062789235588573 -0.043040836883798 -0.037637302903916 -0.084838818833706 -0.995683588420046 0.066169745167817 -0.994414343577718 0.082229423634864 4.379009570512850 0.731472995077619
58.541427169257247 78.834585268548352 18.878771198589774 13.072680729266192 5.786313730831439 8.686329859859912 -0.848613019624244 0.474516509172465 -0.233858986243850 0.481082352150317 0.508352044345806 -0.714239434264839 0.220035709314969 0.718618314219877 0.659675681751299 4.153140002140985 0.735384092137450
58.931217635487712 78.927456994075229 24.387163325502190 14.865867881022981 9.438671641523829 4.702059196981115 0.679421556881752 -0.685256088387799 -0.262317443895425 -0.324116638347855 -0.601018698405383 0.730564801310044 0.658281666758586 0.411340026613690 0.630447959561284 4.875984904821359 0.736393015788478
50.238945748926142 94.258359969793034 63.399769774466073 84.677400376174432 25.802217500727100 8.809054009280617 0.647909068860030 0.554593000122259 0.522149827831362 0.280633157291633 0.463475994567364 -0.840496896774951 0.708137606343187 -0.691098116532801 -0.144653115442968 0.221218733290543 2.266893870713836
86.728940546246477 94.020968935476731 75.076486188635201 35.065593681784833 14.919828470867925 15.873769260764657 0.071234274201838 0.900972821090394 0.427987913188391 0.482285077239462 -0.406698773094353 0.775884793146299 -0.873113270115089 -0.151142593665599 0.463496638530391 0.081479371915090 1.712990460268021
69.957506022475130 96.796556660422709 99.440078964767935 15.166848556773859 28.903266269555939 26.478237656663158 -0.484279123358898 0.708345491478573 0.513537141189142 0.514005673052723 0.705328045748771 -0.488170580791016 0.708005578190140 -0.027550182979419 0.705669248776965 0.097868070913016 1.915242180329245
45.182168266975964 7.086977818420836 29.279403144051884 97.600313758991192 13.906432122444482 7.313758284155869 0.791933088723502 0.548848387844733 -0.267595646722982 0.203758157634296 -0.650661512869640 -0.731520477408300 0.575608023035060 -0.524790475171213 0.627112717928158 0.305572910217987 1.817952061540205
15.235470568773046 41.748637479601179 13.128932847325602 266.955131719498752 20.720179430899051 3.479541617885029 -0.243345098529959 0.963862897930948 -0.108404229685006 0.962956558146521 0.226692304191460 -0.146031730603223 0.116180162437700 0.139924669778140 0.983322559816171 3.594363555065859 2.266893870713836
60.411780402088198 38.280805915785407 89.538588428821001 50.271387294346340 13.442516415717945 7.478552110533019 0.770922633111884 -0.627546249682461 0.108921982470560 -0.626320156466990 -0.777996890696300 -0.049435813638036 -0.115764223139123 0.030108845483792 0.992820276819842 0.112775577805050 1.451619870752298
