xis_x,xis_y,xis_z,local_bandwidth_mbe_silverman,eigen_value_1_sambe_silverman,eigen_value_2_sambe_silverman,eigen_value_3_sambe_silverman,eigen_vector_1_x_sambe_silverman,eigen_vector_2_x_sambe_silverman,eigen_vector_3_x_sambe_silverman,eigen_vector_1_y_sambe_silverman,eigen_vector_2_y_sambe_silverman,eigen_vector_3_y_sambe_silverman,eigen_vector_1_z_sambe_silverman,eigen_vector_2_z_sambe_silverman,eigen_vector_3_z_sambe_silverman,local_bandwidth_sambe_silverman,scaling_factor_sambe_silverman
51.160707493577789, 48.446200663621148, 49.327742632762984, 1.000000000000000, 0.411963962432155, 0.329758337047643, 0.373571306278860, 0.859483288672293, 0.320426729221672, -0.398265222801791, 0.465286658169855, -0.167809756594160, 0.869107709850129, -0.211652550710328, 0.932291047255153, 0.293319963496695, 1.000000000000000, 4.243051087572096
52.718133974826159, 52.513786847824960, 48.866563256612295, 1.059234233403607, 0.341858376304207, 0.435191421001889, 0.405394634031430, 0.222393877135189, -0.902059820482454, -0.369904100658456, -0.912506467998256, -0.058979564849484, -0.404788039338509, -0.343326243206265, -0.427562265876361, 0.836252114810207, 1.059234233403607, 1.809794000017881
49.195989887145856, 51.246653698505142, 51.056092009035154, 1.098278649252098, 0.451171853378591, 0.368200136436437, 0.404706520436972, -0.563543814434902, 0.647848433254526, 0.512553194060691, 0.629964606089803, 0.738393135616059, -0.240666101371180, 0.534380916843294, -0.187264478224622, 0.824238467258705, 1.098278649252098, 5.335382839597918
53.979157690061093, 49.803069870034662, 49.085897289575520, 1.000000000000000, 0.425099719780879, 0.357321939718912, 0.334101188433150, 0.447456150623959, 0.894049256716691, -0.021422414269185, 0.866369242702625, -0.427413481759386, 0.258306118605813, -0.221782164674416, 0.134140382341229, 0.965825568753323, 1.000000000000000, 3.648295372081312
52.029299884839503, 49.725863420853457, 50.758836189853980, 1.000000000000000, 0.425863972444067, 0.363102514036677, 0.328192283242969, 0.747446359090561, 0.566202729169384, 0.347474329646673, 0.624229643779357, -0.777559664712984, -0.075751697265005, -0.227291205525777, -0.273524107333472, 0.934624668301702, 1.000000000000000, 5.679037701149843
50.956182958829061, 49.143202134890700, 51.127652501827313, 0.952387154129232, 0.306390957021799, 0.396186594040078, 0.361154798737111, 0.286655707781723, 0.942408812320667, 0.172319864370044, 0.876714039482709, -0.185525224354900, -0.443793740494360, 0.386265450396577, -0.278291253165483, 0.879404901192571, 0.952387154129232, 4.643531722271880
49.873228545018073, 49.544662376046880, 48.741905627039600, 1.000000000000000, 0.407442904238607, 0.345573000103975, 0.360430853187728, 0.969897663749234, 0.239984521534130, -0.041303163048520, 0.019206541407918, 0.093695353983024, 0.995415636510268, -0.242754259737958, 0.966244591222135, -0.086265632282188, 1.000000000000000, 5.277943343381207
48.208051793103913, 48.125830444826583, 49.686877394377738, 1.000000000000000, 0.432138219085117, 0.336502190802176, 0.348993990102691, 0.950155845514164, 0.305264474539528, -0.063383513782134, 0.311095277320075, -0.914863711380282, 0.257379327119799, -0.020581488391516, 0.264268783974953, 0.964229439579600, 1.000000000000000, 3.243978137134228
49.428039519255805, 49.647642849697995, 49.480348815553654, 1.000000000000000, 0.416386933984149, 0.320807291084059, 0.379915663037737, 0.982446119919631, 0.144442687203690, 0.118050546666410, 0.094902580371709, -0.931807640740108, 0.350325592695059, -0.160602371382407, 0.332972717758873, 0.929158784888039, 1.000000000000000, 7.134643344568508
45.584494977609239, 50.216135881202398, 52.169067554117589, 1.000000000000000, 0.424279988561027, 0.323110342316433, 0.370190367600897, 0.773168454244015, -0.564400172550473, 0.289245547220554, -0.348831240915993, 0.002428290476918, 0.937182409548093, 0.529648285868018, 0.825497758101351, 0.195002934969488, 1.000000000000000, 1.862682904036186
47.352743544350247, 50.652773955883134, 51.485313319480049, 1.000000000000000, 0.389002222050851, 0.372274466923796, 0.350439610958464, 0.985511162703855, 0.156345936319086, -0.065754820223349, 0.047767618650602, 0.116144489861759, 0.992083016729549, -0.162745208207638, 0.980849838492753, -0.106993418181647, 1.000000000000000, 3.471615603962873
53.234591911142715, 51.554781676613679, 46.631923566278040, 1.000000000000000, 0.453191796256552, 0.401962689273847, 0.278586931156995, 0.713153585517729, -0.692434646283715, -0.109298783566667, -0.597328842339100, -0.518643009383997, -0.611725169440445, -0.366892651293314, -0.501541313794843, 0.783483307406039, 1.000000000000000, 0.941381623103867
53.399239638679163, 49.131533643140742, 47.431281343665972, 1.000000000000000, 0.433850481051089, 0.323810471486091, 0.361241427439872, 0.789338799308434, 0.547171444392350, 0.278473823451879, 0.470743903084142, -0.248203831399028, -0.846637487823420, 0.394137587163958, -0.799373672646549, 0.453494535649704, 1.000000000000000, 1.394028552576033
51.214285436121493, 50.433808240850219, 50.294594696642811, 1.000000000000000, 0.424169247964108, 0.340041037553159, 0.351850368477808, 0.915734711755420, 0.362477824401002, 0.173319832978614, 0.341132509475192, -0.473534950189312, -0.812030333133168, 0.212269990025384, -0.802729392614175, 0.557285360984748, 1.000000000000000, 6.570557175051699
48.853973133266543, 49.602216984326184, 49.704858644458994, 1.000000000000000, 0.411709383910014, 0.367990681510985, 0.334966160246545, 0.389900465587310, 0.893720750139020, 0.221902788864282, -0.336589872600256, 0.362615761036574, -0.869032259188812, 0.857137611237392, -0.264145851034639, -0.442201407486955, 1.000000000000000, 6.394747393655302
48.874558650016148, 50.241287955698446, 48.386235057213057, 1.000000000000000, 0.412586117982666, 0.362012903930008, 0.339773778135529, 0.526213960636958, 0.822503108245760, -0.215841387497460, 0.834728820294845, -0.548061287934522, -0.053447368847592, 0.162254935826134, 0.152044275109642, 0.974964550230643, 1.000000000000000, 4.128935554522165
54.079845625038452, 51.799859187495173, 49.881050588984330, 1.000000000000000, 0.399167187017915, 0.364946522500030, 0.348372976237104, -0.239593237172174, -0.694850485183635, 0.678069232410250, 0.902557849493867, 0.097941827345235, 0.419281202504098, 0.357749086677191, -0.712453648805551, -0.603676560158909, 1.000000000000000, 2.581727585321580
53.795233514266300, 49.072271326789625, 50.278345722273507, 1.000000000000000, 0.409051218821315, 0.373020626627581, 0.332596736630195, 0.754147274272881, 0.651569876225331, -0.081966975682223, 0.627185409978190, -0.751616347764903, -0.204233511655258, 0.194680122809888, -0.102613654882064, 0.975484539915662, 1.000000000000000, 3.834509608495464
52.169301481213395, 50.947551876990019, 50.032391378442306, 1.000000000000000, 0.338518008165996, 0.382770250614789, 0.391659413030311, 0.982612794908645, -0.170448599988673, 0.073616370758983, -0.183942440072527, -0.839786557680154, 0.510806926616978, 0.025244286917789, 0.515466596688494, 0.856537747957668, 1.000000000000000, 5.638471346007615
55.548773740038911, 49.343257170704938, 49.718140829334139, 1.105600890677519, 0.348291686880390, 0.418330910925616, 0.470717773423333, 0.949985001829775, 0.307830630897264, 0.052619378368389, 0.312257038600364, -0.933642401078398, -0.175520394123004, 0.004902870895105, -0.183172513194410, 0.983068559291278, 1.105600890677519, 2.573325742747538
54.112967018873363, 50.427552458947218, 49.329008558342103, 0.977064445562754, 0.325289492636528, 0.375791845779879, 0.387240493360301, 0.192127184676665, 0.913295658503095, -0.359135329740221, 0.443865450394884, 0.245512834605799, 0.861804449970857, -0.875254595448642, 0.324983827602581, 0.358210699090369, 0.977064445562754, 3.744695475177305
50.098426242841136, 48.481315914160511, 46.600848470607062, 1.000000000000000, 0.461067855345262, 0.297153372290330, 0.370410264996497, 0.982252983393158, 0.094958228477082, 0.161746751002095, 0.181410835096861, -0.700009749022047, -0.690707217410930, -0.047635968812432, -0.707791838126567, 0.704813115908548, 1.000000000000000, 1.069530023914169
47.365428971569784, 48.603352925526437, 50.920436479616072, 1.000000000000000, 0.415829961714059, 0.373489060139133, 0.326764492548675, 0.511023558933003, 0.859289059693196, -0.021845688522671, 0.243027677148835, -0.168814251029862, -0.955216884685812, 0.824495282190923, -0.482829225027658, 0.295099083536533, 1.000000000000000, 3.553567104956832
50.813510553911932, 49.148261335879781, 48.945170777670100, 0.897170520168291, 0.274097231441865, 0.388565525997721, 0.344099935101708, -0.429306283179481, -0.791193874024403, 0.435555242109283, -0.028771581785561, 0.493993585237023, 0.868989374978905, 0.902700565693949, -0.360530985424177, 0.234838449247340, 0.897170520168291, 4.898297300967115
45.375237800984635, 49.468263597669200, 53.414454778526647, 1.000000000000000, 0.550265423348866, 0.248761042754773, 0.370743827513760, 0.939315501886056, 0.342549296830265, 0.018610941879368, 0.012691515244488, 0.019514159934714, -0.999729024787638, 0.342819651358182, -0.939297171721034, -0.013982483310251, 1.000000000000000, 0.972032953608641
50.036695950916453, 50.908655696778673, 52.065261798266548, 1.000000000000000, 0.428008692097637, 0.338236126819951, 0.350554818234818, 0.976738586434771, 0.191111532253432, -0.097252845763764, 0.118208557055931, -0.858274288585347, -0.499391612456669, 0.178909113261901, -0.476278939060990, 0.860900633870587, 1.000000000000000, 2.845009613004279
47.186359306545647, 49.465750642074184, 50.570002121945528, 1.000000000000000, 0.399093348144229, 0.369972623464973, 0.343703886958821, 0.266338483588174, 0.939019508235597, 0.217499828305519, 0.757144955410762, -0.064176585841087, -0.650086826759178, 0.596485815972172, -0.337822037443918, 0.728066578247658, 1.000000000000000, 4.638755525952765
50.722362529225812, 50.543368557495583, 50.380503983609138, 1.050797072551441, 0.360589867805069, 0.398412823013338, 0.409862568616219, 0.708246294269060, -0.705506890620968, 0.025440399770392, -0.628001877913951, -0.613159908444741, 0.479216619090562, 0.322491593674464, 0.355380013453726, 0.877327885141544, 1.050797072551441, 7.743607821225012
48.443299386725442, 50.181210001719350, 49.008069138613479, 1.000000000000000, 0.420246277478908, 0.320452992935977, 0.376842880477908, -0.914593266810705, -0.391333005362683, 0.101870678894047, -0.050125936231757, 0.359693900345062, 0.931722967717039, 0.401256210944345, -0.847041189652762, 0.348589552640666, 1.000000000000000, 5.750225393077388
48.300680438803340, 50.354055591565889, 49.595055505845131, 1.000000000000000, 0.423628200198244, 0.352889453849983, 0.339472797901488, 0.715167737118635, 0.698878120898964, 0.010221541632420, 0.547010980880898, -0.550537551869115, -0.630624603688818, 0.435102395512054, -0.456593666305933, 0.776020701598210, 1.000000000000000, 6.229685709898129
49.495357331698777, 51.742954134695772, 50.497357664130242, 1.000000000000000, 0.327516579286478, 0.385039541439269, 0.402429585369850, 0.833348019909555, -0.539045347985261, 0.122315945519267, -0.338518537786172, -0.672645826400515, -0.657991483076399, -0.436962558222023, -0.506929684513953, 0.743024910531705, 1.000000000000000, 4.062376695955832
46.486518615649757, 49.646801617405956, 51.006135230905805, 1.000000000000000, 0.428739694729253, 0.372882153571347, 0.317441154140226, 0.632035303786064, 0.630405312368597, -0.450688935858770, -0.423508486086978, -0.206059140386295, -0.882145222100974, 0.648977608997702, -0.748417512355713, -0.136745348070465, 1.000000000000000, 4.004108006267864
50.578591866651159, 51.014262779461930, 48.477279624181278, 1.000000000000000, 0.396416825052476, 0.369766861810341, 0.346217053276379, 0.461130525662124, -0.846253721515093, 0.266858159186540, -0.228816977704222, 0.177163742624696, 0.957212515073594, 0.857322243393276, 0.502461587707026, 0.111941609163239, 1.000000000000000, 3.850936200705970
51.262754852526967, 49.176720642473100, 50.324546728875809, 1.000000000000000, 0.341245677218873, 0.367391212440775, 0.404792632234144, 0.646508849966101, 0.698219167235889, -0.307435036096949, 0.316854993120523, -0.612323354414653, -0.724336263742871, 0.693995115436776, -0.370877478613639, 0.617106697101147, 1.000000000000000, 6.269841371581056
53.371715916843314, 49.328763376889512, 49.771708672876919, 1.000000000000000, 0.422873995075588, 0.366926684715890, 0.327068143918463, 0.815559837522326, 0.525850171021900, -0.241544507403491, 0.393911784219831, -0.198714371800852, 0.897410778123676, -0.423905246102601, 0.827039416277139, 0.369202039878794, 1.000000000000000, 4.820163566733060
54.177555348302818, 50.024731388810913, 51.365539532617319, 1.000000000000000, 0.440213530913193, 0.323545458479302, 0.356311489359716, 0.902004732570185, -0.383628108047859, -0.198032666842139, -0.293703518821656, -0.209073804108828, -0.932752050368821, -0.316426461366249, -0.899509654840394, 0.301258486015165, 1.000000000000000, 2.825994187863336
50.257855920303157, 50.740936138190641, 50.989617363170261, 1.000000000000000, 0.401660658917104, 0.365436466957549, 0.345746141551977, 0.606216746954447, -0.792887768043745, 0.061888957000225, -0.775364735447592, -0.571915201382472, 0.267810622365752, 0.176948531319853, 0.210337799062019, 0.961481787424750, 1.000000000000000, 6.407660286615926
49.125074040944469, 48.973061648411004, 47.708685125961281, 0.895157062468046, 0.377132246720342, 0.326210741894586, 0.295892749242327, 0.816120835257659, -0.574854203087358, -0.059071375903565, -0.461415061166373, -0.709768053386353, 0.532283243885228, 0.347912235466323, 0.407151023067543, 0.844502883848172, 0.895157062468046, 2.214602659973347
53.455201924342397, 49.409786859616261, 49.224531043175659, 1.000000000000000, 0.437662069717918, 0.332071530599179, 0.349186920762630, 0.963722257645849, 0.237167049403688, -0.122438559266011, 0.081917702959966, -0.699414444871454, -0.710006284653114, 0.254025392549152, -0.674218974059841, 0.693469447746579, 1.000000000000000, 4.288722912044942
56.070415849309924, 50.472798479062462, 50.665126616347258, 1.000000000000000, 0.436263841931735, 0.336654699661585, 0.345537049758276, 0.926239810067545, 0.360196860865970, -0.111076710737844, 0.236055676900458, -0.784042891973359, -0.574068341706036, 0.293866520122834, -0.505504663646491, 0.811238253155350, 1.000000000000000, 1.704753256189933
54.854162807000677, 50.556147046332129, 48.915016579379440, 1.000000000000000, 0.333731677450152, 0.383713523611783, 0.396299920228788, 0.736592467838905, 0.575886134394848, 0.354664202499704, 0.663082012554095, -0.511592125734722, -0.546439147127509, 0.133243314842445, -0.637674413080835, 0.758694643418424, 1.000000000000000, 2.431832443974488
44.124353134590386, 49.404673557571620, 48.096402825904448, 1.000000000000000, 0.285275013520498, 0.385103332763351, 0.461942063812651, -0.386661424870765, 0.734023714547827, 0.558302900761154, 0.009452038067377, -0.602202957780255, 0.798287076569003, -0.922173303394369, -0.313943918753209, -0.225910633624439, 1.000000000000000, 1.209746917124458
48.241039924366603, 50.489330902086614, 49.397711106583422, 1.000000000000000, 0.397455964010304, 0.346452525465249, 0.368549454239307, 0.399408140892507, 0.780434001262614, 0.481036284142908, 0.820767006705143, -0.070642666980217, -0.566878412277450, 0.408429501496979, -0.621234563812372, 0.668769735433491, 1.000000000000000, 5.946401553206309
51.234002728692829, 50.003383866380673, 49.364007835372064, 1.000000000000000, 0.328769485183779, 0.405709946043211, 0.380470829996504, 0.144113077472545, 0.988137762090114, 0.053058307859686, 0.986745402584436, -0.147538301161215, 0.067571888895765, -0.074598467677770, -0.042617048490053, 0.996302592487907, 1.000000000000000, 6.194967609523572
49.020317066962377, 49.312194167413566, 49.989195187295564, 1.000000000000000, 0.429689887331260, 0.321762958920280, 0.367060238326192, 0.874832747625450, 0.340659384806937, 0.344410869783555, 0.438239491937327, -0.253579897429347, -0.862347600058257, 0.206431129892318, -0.905344364958816, 0.371130394132170, 1.000000000000000, 6.681966725155460
50.149571799799467, 51.194598799620088, 51.774114859147105, 1.000000000000000, 0.419007498263981, 0.355822560046561, 0.340387220995628, 0.525656909962313, 0.725419112612780, 0.444355627920881, 0.838118851157060, -0.352128690466873, -0.416607941217224, 0.145744997663871, -0.591415671424229, 0.793086312610290, 1.000000000000000, 3.244413832197532
49.259619326633747, 49.849670720121253, 48.579504508136637, 1.000000000000000, 0.408967459005969, 0.363957603253571, 0.340948647865806, 0.893257556420856, 0.447747875107439, -0.040159410277215, 0.442593827212926, -0.860279416932834, 0.253041555707194, -0.078750504824127, 0.243805588817146, 0.966621535478840, 1.000000000000000, 5.086511845989738
48.708614264342621, 50.391550909720451, 51.512668337472832, 1.000000000000000, 0.366442808441068, 0.397633619298596, 0.348288570581754, 0.997931852375846, -0.048897708830987, -0.041725676564834, 0.015928747903651, -0.440762209969167, 0.897482562088711, 0.062275942417077, 0.896291073443318, 0.439071769374767, 1.000000000000000, 4.636745130680602
50.132066828526042, 50.774147542982938, 50.846307376032023, 1.000000000000000, 0.401456234772189, 0.360776880770014, 0.350389929418525, 0.988106328282997, -0.150873998315405, 0.029713980538052, -0.115340850057220, -0.599390833314658, 0.792102971365742, 0.101697454811664, 0.786109194432098, 0.609663810730264, 1.000000000000000, 6.810974568998089
47.961220872367569, 50.299204096933828, 49.257315864023205, 1.000000000000000, 0.420889338961051, 0.352637808373694, 0.341925682936491, 0.806152766468837, 0.437454553733544, -0.398435980469166, -0.561733784320594, 0.777403265762733, -0.283018228978811, -0.185937819357722, -0.451970879370810, -0.872438795293556, 1.000000000000000, 5.612512434557236
56.459359377711749, 50.148371474734120, 50.616323919148385, 1.000000000000000, 0.432485312478978, 0.337888531737536, 0.347283146184052, 0.980569990208384, -0.173185176402625, -0.092137880250861, -0.072485850802546, 0.116570216853076, -0.990533788407169, -0.182286301559281, -0.977966399840617, -0.101751781540277, 1.000000000000000, 1.439584927424476
50.116726117568646, 47.949558624839604, 50.824604927851020, 1.000000000000000, 0.323554649094298, 0.410762114462548, 0.381847979349042, 0.244456011555512, 0.951588909934225, -0.186332511668159, 0.878344285359975, -0.135898530302400, 0.458304381210919, -0.410795052051320, 0.275699357909737, 0.869043893746635, 1.000000000000000, 3.334701922106942
50.552543794110640, 50.031968640847595, 49.550326334959017, 1.000000000000000, 0.337438682269167, 0.393498830022295, 0.382199584148994, 0.853844933508016, 0.473689474364041, -0.215794141253671, 0.363836636869518, -0.246639013582667, 0.898216064569348, -0.372252241355468, 0.845451050537929, 0.382937057426077, 1.000000000000000, 7.299819954969656
50.406363989569940, 52.447037391060618, 50.059441609273854, 1.000000000000000, 0.441895791985683, 0.344448340975346, 0.333414558079787, 0.696590673280702, 0.715292028733966, -0.055845747626704, 0.633127172648711, -0.649454163731602, -0.421140442685733, 0.337507654953466, -0.258005044216839, 0.905274532949248, 1.000000000000000, 2.836394046004009
46.098959503344986, 48.980970366214358, 48.942073372952756, 0.938021800075368, 0.304168249027535, 0.390610425733840, 0.352540980975475, 0.381573983083055, -0.785162246597439, -0.487772018418641, -0.295173009793057, -0.603572392382025, 0.740657317147375, 0.875941887184213, 0.138638427834069, 0.462066225344222, 0.938021800075368, 2.688962801561330
47.866878209626670, 49.673061806129823, 50.947136577193248, 1.135968226272432, 0.450443825918167, 0.393585157442525, 0.419611829722215, 0.997738827868289, -0.064887455143522, 0.017517121025137, -0.017797341921455, -0.506398201483177, -0.862116068841740, -0.064811156327770, -0.859854917820211, 0.506407972208036, 1.135968226272432, 6.481027310585877
49.571936863779605, 50.050178459389201, 48.384339609743840, 1.000000000000000, 0.310413074204277, 0.430351170804229, 0.379896706356247, -0.875501220366835, 0.397581603808346, 0.274638819997038, 0.350454328277673, 0.913737394171985, -0.205586328055238, 0.332685101751833, 0.083742717922062, 0.939312397590598, 1.000000000000000, 4.700203438845699
51.538152570417196, 49.641664498934936, 50.090281660595913, 1.000000000000000, 0.326705630319583, 0.371434487234532, 0.418205440244573, 0.836801224776752, -0.464214822874947, 0.290290041915512, 0.283703257935621, 0.821113487282094, 0.495262660050355, 0.468269336652362, 0.332080169878630, -0.818808029469996, 1.000000000000000, 6.893240313464252
55.406726689371638, 52.071989072381456, 49.725881388531548, 1.000000000000000, 0.407233906614668, 0.369619688416813, 0.337154914823574, 0.800853575202027, -0.570415154981832, -0.182373523443465, -0.483767419447747, -0.436707459780755, -0.758456115047342, -0.352990984257386, -0.695638660181343, 0.625686998022261, 1.000000000000000, 1.402030004287191
50.293252407266557, 50.208510668526536, 51.844508546348912, 1.000000000000000, 0.451679170031190, 0.350569054466758, 0.320497673996438, 0.765817227905255, -0.626304606856777, -0.145830425061060, -0.178953865955016, -0.425381902030641, 0.887144718343377, 0.617656447633525, 0.653293790613973, 0.437844419676626, 1.000000000000000, 4.059472316469250
50.743119135400470, 49.138537255674876, 48.659869041694677, 1.140929465162289, 0.400905712773986, 0.425480079330238, 0.441858724136792, 0.600169671729666, -0.740636086096078, -0.302083685604151, -0.111113774683907, 0.296805188025928, -0.948451585183127, -0.792117475006958, -0.602797535108743, -0.095838601071933, 1.140929465162289, 5.328734177922396
49.831701579977292, 50.636113650500747, 50.708622943778700, 1.000000000000000, 0.299770203861406, 0.380506513937663, 0.444915937316137, 0.903357203903839, 0.426075883353450, 0.049041857424196, 0.067113511597786, -0.253369797284178, 0.965038611862338, -0.423605404493441, 0.868483210804188, 0.257478880367296, 1.000000000000000, 7.400646131748589
50.385608950568141, 48.277570349810190, 49.812528061686542, 1.000000000000000, 0.348533675078773, 0.372999333919080, 0.390369357686514, 0.527554862402313, 0.785947407803000, 0.322447731149440, 0.765715527723292, -0.275540579172512, -0.581168753317585, 0.367920640572278, -0.553501636309254, 0.747174906460236, 1.000000000000000, 4.504081323195355
52.626527459424153, 53.008020318982602, 50.332007018590858, 1.000000000000000, 0.477482127598287, 0.362281128040320, 0.293376748077027, 0.984052139571878, -0.166224121879719, -0.063331886986937, -0.034416443487002, 0.171389839580262, -0.984601965926515, -0.174519039138186, -0.971079329506075, -0.162935695242988, 1.000000000000000, 1.451097100333428
51.717840059122373, 49.329335088402232, 48.866576590621548, 1.000000000000000, 0.343646009571753, 0.373487685147122, 0.395403883289314, 0.971439828939463, -0.233991060772626, 0.039406119176684, -0.080138025974101, -0.167213727731104, 0.982658366906445, 0.223344029566586, 0.957751404455649, 0.181189656769338, 1.000000000000000, 5.080431762818249
54.888500129696986, 49.605173088599372, 48.977110371581681, 1.000000000000000, 0.410840866805818, 0.326430204094457, 0.378411693807960, 0.989045032296973, 0.065008626283892, 0.132528497302887, 0.098703902497511, 0.376327189599476, -0.921214082610509, 0.109760938955722, -0.924203291963863, -0.365787932281421, 1.000000000000000, 2.590210271850895
52.964721721228088, 48.988137601071621, 49.323665681956989, 1.000000000000000, 0.415615364292288, 0.336565591002619, 0.362799946640673, 0.833308178459985, 0.501776093061559, 0.231987568941915, 0.173711985753026, 0.160713442935066, -0.971594223565423, 0.524806274464628, -0.849936433912463, -0.046759304857135, 1.000000000000000, 4.453381615032908
49.849752075606396, 50.855503348060481, 48.889739423316911, 1.000000000000000, 0.329174358423530, 0.395800076113544, 0.389517210054132, 0.350735154725742, 0.807334205640657, 0.474548555621107, 0.734486187139823, -0.551516193649511, 0.395423733535508, -0.580960318903379, -0.209860354867050, 0.786411939961977, 1.000000000000000, 5.317516916869085
44.169629446139531, 50.767755473765405, 50.668959348965146, 0.913734191789147, 0.400302041531288, 0.305663393439828, 0.316414892589652, 0.953661266416837, 0.299414112015273, -0.029688018834874, 0.278479703597833, -0.915708309230035, -0.289702169634839, 0.113926483401785, -0.268010227292124, 0.956656299015758, 0.913734191789147, 1.692831280853856
52.779814304925814, 48.427154980963259, 52.369542252962560, 1.000000000000000, 0.447632499841625, 0.388629402207924, 0.291723393596422, 0.720523015701629, -0.690110973643053, 0.067774832361790, -0.573841486477576, -0.648277444404685, -0.500442108013840, -0.389297485531870, -0.321688046301955, 0.863113126203625, 1.000000000000000, 1.602509396890881
44.675765554434051, 49.732085929474465, 49.377021987199043, 1.000000000000000, 0.341453515985512, 0.379775135200337, 0.391354566719265, 0.455895497511322, 0.797437915240454, -0.395287321686216, 0.617253037368862, -0.603244690876583, -0.505068837672778, 0.641216019144733, 0.013733690915923, 0.767237513763506, 1.000000000000000, 2.365983809812111
53.942463301441848, 51.809898437801827, 49.435128798565955, 1.000000000000000, 0.429826692913106, 0.317143013825849, 0.372288816853387, 0.878719026483788, -0.412817263106337, 0.239655544014274, -0.257070281483761, 0.013771963510882, 0.966294573822556, 0.402203608727277, 0.910709745364816, 0.094021363659049, 1.000000000000000, 2.332527247230509
48.337606258746540, 50.139286224134132, 51.973441782815037, 1.000000000000000, 0.332630030343025, 0.400835014895951, 0.380628597193953, 0.176154989745630, 0.934996039682964, 0.307817844454946, 0.557513384425357, 0.162953062208020, -0.814017890284736, 0.811263364003516, -0.315005881364462, 0.492567811505682, 1.000000000000000, 3.499758940545505
52.815755408749304, 50.674569832800863, 48.658590049464344, 1.000000000000000, 0.330215776561402, 0.377127417334207, 0.407514059319868, 0.184395958288205, 0.952135136405226, -0.243796662383997, -0.927573940570666, 0.250601254846991, 0.277138225157267, -0.324968791334154, -0.175036262219333, -0.929385598966922, 1.000000000000000, 3.556151208562265
52.376124495268925, 50.307248111757367, 50.189654800168611, 1.000000000000000, 0.409582376924190, 0.366150341503881, 0.338398022516260, 0.240811403838152, 0.969177984178224, -0.051999065046713, 0.791097203307350, -0.227038237627183, -0.567995469677737, 0.562294480411099, -0.095643471493755, 0.821387389518390, 1.000000000000000, 6.170399509338567
50.335617190688893, 48.196225915889485, 49.110724652538259, 1.000000000000000, 0.452154563379491, 0.323066988331431, 0.347415363929056, -0.332671544190335, 0.810488215227928, 0.482118757841537, 0.919624626115414, 0.392034278291844, -0.024488194835039, 0.208854472607372, -0.435221756833045, 0.875763570634823, 1.000000000000000, 3.940872141209066
51.564875681721020, 49.124756008809470, 50.653948155136149, 1.000000000000000, 0.458498923940421, 0.311026994981321, 0.355870605191512, -0.530167316266729, 0.705941073084154, 0.469648611299265, 0.834931704964265, 0.531140090536423, 0.144150103261930, 0.147687727343878, -0.468548189152144, 0.871005700115819, 1.000000000000000, 5.683941912347678
52.194654745586462, 49.460601092868714, 50.420682772828656, 1.053631117333276, 0.350279899688255, 0.403842357461622, 0.419630650215176, 0.828033419050924, -0.532030798678462, -0.176929042817717, -0.338962720381421, -0.726380821732236, 0.597892277932429, 0.446614969662306, 0.435102437452560, 0.781806202198715, 1.053631117333276, 5.957511504864512
52.765804412673731, 48.561667177570342, 48.558015568809559, 1.000000000000000, 0.441882909585553, 0.348499279233181, 0.329548571058412, 0.813483325667970, -0.571374561518676, 0.108517230472957, -0.500381779959983, -0.592508469797257, 0.631309581348639, 0.296416857051449, 0.567859862701931, 0.767901180613682, 1.000000000000000, 3.115403658331188
50.733831083988413, 50.117230875278224, 48.973563279992327, 1.000000000000000, 0.421183050646194, 0.338660009977038, 0.355789985170058, 0.768370662150407, 0.631590190282617, 0.103442530350492, 0.232114792773105, -0.425629222310364, 0.874621339833058, -0.596430422197295, 0.648022836522173, 0.473642433512153, 1.000000000000000, 5.696708037331264
48.124262232328476, 50.730484172949126, 49.030723108412346, 1.112587738526932, 0.446498880313019, 0.389497802554893, 0.401888837967827, 0.659611295016002, 0.699797619598799, 0.274219312031753, 0.746575798880600, -0.652175942961774, -0.131495687943425, -0.086818868992322, -0.291461542961977, 0.952634585222013, 1.112587738526932, 5.545420425975290
45.780621034689105, 50.894856636712021, 49.769919503757123, 1.000000000000000, 0.305504476028812, 0.381565697608036, 0.435353078005233, 0.713671592866168, -0.590034163174309, 0.377534824649407, 0.521629756802925, 0.087936786510435, -0.848628021217741, -0.467520325070031, -0.802575110419835, -0.370537363542467, 1.000000000000000, 3.461351271793265
48.483977834306344, 48.798264473738456, 47.343791682245815, 1.000000000000000, 0.318961020698178, 0.395942114533498, 0.401845594557130, 0.364643920241510, -0.791460023854723, 0.490536280075983, 0.434415581918534, 0.610562304897333, 0.662190889415460, 0.823600578932096, 0.028367278303304, -0.566460399237562, 1.000000000000000, 1.886078802170771
47.293784085760748, 48.168004026601722, 50.422459055617558, 1.000000000000000, 0.433456066283845, 0.369853823890754, 0.316558021930376, 0.728838309397573, 0.684604157150428, -0.010576708696019, 0.541450391660229, -0.585752454434579, -0.603096622022418, 0.419077787678460, -0.433833159332270, 0.797598017636898, 1.000000000000000, 3.069089729860451
46.661282315385151, 53.076204113095642, 50.125569090302790, 1.000000000000000, 0.272936170810463, 0.434293482288522, 0.428138335295929, -0.115486098382410, 0.915073823159294, -0.386397281627396, 0.992393232833289, 0.122992873395274, -0.005331465152099, -0.042645427739704, 0.384073757581284, 0.922317036723431, 1.000000000000000, 1.259496220173289
49.826730324863860, 49.714197266823632, 49.043593187703983, 1.000000000000000, 0.397132353387054, 0.367271293908240, 0.347941529018780, 0.683551812462212, 0.651658950971076, 0.328781890162615, 0.688834727678983, -0.426977941380379, -0.585829800810777, 0.241378618819162, -0.626921405914529, 0.740746861743675, 1.000000000000000, 6.360863629110541
50.408093652123128, 50.738909635534768, 48.896720473216767, 1.065041155647509, 0.344564273316010, 0.396054468343939, 0.449264942280048, 0.563872429740251, -0.677561790564952, -0.472184183285762, -0.097259563463449, 0.513287207110763, -0.852687997060667, -0.820114906762293, -0.526731680253665, -0.223529140658274, 1.065041155647509, 5.635217226499101
47.926940560473895, 50.589429626126581, 47.097391716830849, 1.000000000000000, 0.473400385176103, 0.396339569835695, 0.270478333166871, 0.911506162301369, 0.397942574092186, -0.103914502411915, 0.387944050796820, -0.915785968388279, -0.104093580755473, 0.136586710693187, -0.054568927312414, 0.989124007712879, 1.000000000000000, 1.586780332721999
48.712328301283407, 48.259185315325780, 47.022719940688447, 1.000000000000000, 0.308688231443786, 0.418020717157932, 0.393287952955091, -0.178196221728535, -0.727717056956251, 0.662324687428007, -0.275130427688829, -0.609403113764967, -0.743593365148806, -0.944748302100320, 0.314731202692861, 0.091623772734308, 1.000000000000000, 1.205611409883827
47.179530224382781, 48.873042102173798, 49.478145411561869, 1.000000000000000, 0.334149708123836, 0.391942729435396, 0.387493858171611, -0.599230643692165, 0.608429356520102, 0.520323316587685, 0.601396134954826, 0.771108123601068, -0.209081205702085, 0.528436679765581, -0.187632566045916, 0.827978680665966, 1.000000000000000, 4.038211819389384
50.754890746459672, 49.481817294015684, 48.406424361465426, 1.000000000000000, 0.315635531873349, 0.384515536997509, 0.418146766014030, -0.446013900667289, -0.769590656500570, 0.456948379840188, 0.870294514093300, -0.253721067914668, 0.422152908832034, 0.208947503336740, -0.585965733744955, -0.782933649631998, 1.000000000000000, 4.313987380170406
52.518472016952813, 46.300952814003566, 49.771095338650746, 1.000000000000000, 0.480358942575327, 0.281284441154079, 0.375592517269607, 0.978476914952597, 0.125917782221854, 0.163485898551456, 0.154188286537698, -0.972655950631524, -0.173684697068148, -0.137145540209719, -0.195154077132442, 0.971136440969635, 1.000000000000000, 1.148105566091254
54.984955583554310, 53.106235506206076, 49.910579192747136, 1.000000000000000, 0.484349882883499, 0.295118017831419, 0.355036985707775, 0.963985857100581, -0.262713024899167, -0.041390021241696, -0.253616475994106, -0.954918042831905, 0.154305588292888, 0.080062165936162, 0.138251213457289, 0.987155839552802, 1.000000000000000, 0.924545946546228
51.666636809211631, 50.403077262740752, 50.578443907194078, 1.000000000000000, 0.405796525526637, 0.370423703016612, 0.337614762963562, 0.652446094749858, 0.754355292310333, -0.072540929198971, 0.091625048373709, 0.016498156479791, 0.995656899410276, -0.752275842996553, 0.656259021877916, 0.058353682383086, 1.000000000000000, 5.828442461306850
46.391335026451991, 51.179422354953971, 47.849803518701883, 1.000000000000000, 0.296295844401810, 0.427875175261990, 0.400300259403551, -0.271605326351703, 0.875154250233128, -0.400419261520067, 0.642393165273588, 0.474663614769050, 0.601685527517622, -0.716632100807077, 0.093805602781867, 0.691114274906520, 1.000000000000000, 1.787369942529169
51.104010977841632, 49.623183951192694, 50.485484841725125, 1.000000000000000, 0.420793149881563, 0.362715937296213, 0.332501204107886, 0.331505856312875, -0.899363810479447, 0.285041406869522, -0.802704277943667, -0.427625950493433, -0.415694465485799, -0.495751661017090, 0.090998806939854, 0.863683684999503, 1.000000000000000, 6.851730108605958
50.045440356886523, 51.676882320185499, 51.502493192981703, 1.000000000000000, 0.454248805589055, 0.351861128050617, 0.317514408042505, 0.722751612825942, -0.689550662323203, 0.046367987309472, -0.005308871531539, 0.061550838049487, 0.998089830735925, 0.691087492319577, 0.721617196597364, -0.040825231590294, 1.000000000000000, 3.250922328785535
50.795121806717958, 50.459314518494729, 51.486799554601340, 1.000000000000000, 0.319562562440752, 0.391908104168679, 0.405217677324046, 0.799434111632808, 0.589220827847013, 0.117149123723327, 0.045877005032257, -0.254311504289998, 0.966033622186634, -0.598999500473192, 0.766905779621616, 0.230336978394326, 1.000000000000000, 4.645122391768287
48.218414253851940, 51.998435917730760, 48.995683132872827, 1.000000000000000, 0.312330867935627, 0.418849644682386, 0.387931872418265, 0.140222107687975, -0.971642378299988, -0.190391305492361, -0.981034311928176, -0.110352182949425, -0.159355183592842, -0.133826153404907, -0.209125523095197, 0.968688327716922, 1.000000000000000, 3.003712338322632
52.531966740073685, 47.534835889209752, 50.451382508539091, 0.956808756088098, 0.400571386770910, 0.329790725403037, 0.336500398793797, 0.233206566516703, -0.773995786412470, 0.588680915224227, -0.027608699065590, 0.599858680206379, 0.799629491400215, 0.972035213904001, 0.202731562409024, -0.118521966461075, 0.956808756088098, 2.108531890342139
49.912116789275238, 49.745290837656484, 49.615260665731370, 1.000000000000000, 0.413574633869204, 0.360121457470106, 0.340741969229318, 0.950197580708868, -0.311388473256726, 0.012719132747963, -0.213098162424887, -0.678963406300994, -0.702565204144988, -0.227406531977759, -0.664865333452570, 0.711505697508355, 1.000000000000000, 7.612049152286549
55.511242063603234, 48.661531406289932, 50.011258915799637, 1.000000000000000, 0.428724675337028, 0.336440446380105, 0.351837269328765, 0.468998247149196, 0.876171248056770, 0.111196170121198, 0.879577478331640, -0.474748417580446, 0.030941874807713, -0.079900586873535, -0.083293961867012, 0.993316672634544, 1.000000000000000, 1.906847788038905
44.442972029914891, 47.680776343072530, 49.061208885207378, 0.864943173039093, 0.415551868063278, 0.321350750654722, 0.245915945478832, 0.861759231413081, -0.502069773332929, -0.072780284279175, 0.015027462954235, 0.168660552389601, -0.985559634636481, -0.507094865317621, -0.848221410230286, -0.152889622916170, 0.864943173039093, 1.016528962465463
46.020864522475513, 51.293491788260198, 51.498973833651341, 1.000000000000000, 0.423408481202885, 0.372148343699245, 0.322071932077707, 0.730259732578495, -0.628561207145092, 0.267640676741577, 0.583046285525401, 0.369235833055360, -0.723686346784949, -0.356058635493393, -0.684525900503566, -0.636118337756714, 1.000000000000000, 2.220720221071972
48.376859654240988, 47.962097490327032, 49.879661178099184, 1.000000000000000, 0.390411761731925, 0.351880695769300, 0.369411309384782, 0.381509936772899, 0.673283281461299, 0.633355974984245, 0.355142887978836, -0.739354328409024, 0.572039077494618, -0.853418828747990, -0.006693277787958, 0.521182792090129, 1.000000000000000, 3.102484490851266
45.974885169727898, 50.962829883930453, 46.963872835917840, 1.000000000000000, 0.511930778621879, 0.272418092538255, 0.363899394616984, 0.987185537297999, 0.159243622862125, -0.010304539165122, 0.087011272715129, -0.483022113106161, 0.871274168485989, -0.133767534813772, 0.861005869218209, 0.490688434550522, 1.000000000000000, 1.085929039165777
49.509803239980528, 49.593592515886591, 49.794293067185173, 1.000000000000000, 0.446380436910507, 0.364033900520940, 0.312306871651312, 0.560262410827585, -0.629848372078607, 0.537956372955644, 0.557330456758483, -0.193808681662167, -0.807354294521156, -0.612771403529116, -0.752149734495932, -0.242449961671796, 1.000000000000000, 7.301144747337898
46.972627906358341, 49.733651343914545, 48.202831542783031, 1.000000000000000, 0.315094312474464, 0.414424281375658, 0.388635764921534, 0.640748546384530, 0.553051659931672, 0.532517757218418, -0.030675829254415, -0.674611635089848, 0.737535175636360, -0.767137728055182, 0.488910015491833, 0.415291106268976, 1.000000000000000, 2.819217591204964
44.844050370163714, 50.188809147530833, 48.608966664893046, 1.000000000000000, 0.423842368547328, 0.369117183584375, 0.324384347955824, 0.648741362685489, -0.750948385608197, -0.123333557855991, -0.389540963099259, -0.188459685907088, -0.901521372378660, -0.653752615603697, -0.632897676516705, 0.414786750814295, 1.000000000000000, 2.042496333404503
49.374202033326632, 50.477846292422001, 50.391407860848012, 1.114188617421398, 0.475273559474146, 0.439237883240187, 0.336249177014328, 0.724111080604232, 0.681599845182803, 0.105284348280976, -0.240768991190202, 0.392876641009363, -0.887512387423665, 0.646292066969280, -0.617308347583263, -0.448594436185512, 1.114188617421398, 7.402025591504398
49.006449949478508, 51.354778325985244, 49.247575437328706, 1.000000000000000, 0.407723927419863, 0.338463461819846, 0.367748179105461, 0.908445393760672, -0.358505442597926, 0.214943746554033, -0.367376550392409, -0.439473052208610, 0.819693788316237, 0.199402700023828, 0.823612338427561, 0.530943762759384, 1.000000000000000, 4.658857175279033
51.243840554273795, 50.322418664606452, 48.667361977781255, 1.000000000000000, 0.319701754777679, 0.356986004303104, 0.444664349928992, 0.978121152588836, -0.204103834335264, -0.040257119468862, 0.047604705161734, 0.407967719808303, -0.911754425073374, -0.202516179365382, -0.889889860827764, -0.408758159173846, 1.000000000000000, 5.438033368392042
46.971977037858672, 49.934708701345798, 49.382042239674156, 1.000000000000000, 0.325966924125867, 0.373367074995304, 0.416983595844581, 0.891276996925580, -0.429228006162293, 0.146248533248241, -0.225094366811563, -0.138806172122496, 0.964398969623258, 0.393646847797643, 0.892466338472574, 0.220331554508965, 1.000000000000000, 4.993022927068348
