xis_x,xis_y,xis_z,local_bandwidth_mbe_silverman,eigen_value_1_sambe_silverman,eigen_value_2_sambe_silverman,eigen_value_3_sambe_silverman,eigen_vector_1_x_sambe_silverman,eigen_vector_2_x_sambe_silverman,eigen_vector_3_x_sambe_silverman,eigen_vector_1_y_sambe_silverman,eigen_vector_2_y_sambe_silverman,eigen_vector_3_y_sambe_silverman,eigen_vector_1_z_sambe_silverman,eigen_vector_2_z_sambe_silverman,eigen_vector_3_z_sambe_silverman,local_bandwidth_sambe_silverman,scaling_factor_sambe_silverman
27.052992509691862, 27.174646116199394, 25.215395378578172, 0.181189689650401, 0.642789771416682, 0.774475673673842, 0.727021909163602, 0.690871688854754, 0.664186241290591, 0.285574765025302, -0.055158280342929, -0.345424292740889, 0.936824221556033, -0.720870219698796, 0.662977145054589, 0.202008493600334, 0.181189689650401, 2.583894680273212
26.565338508254506, 21.182389790422324, 23.722828977188929, 0.218380258070602, 1.202725093822594, 0.861153796658953, 0.611810358270394, 0.976294888065642, -0.209666190493284, -0.053743651726781, 0.019968522427286, 0.334492321116362, -0.942186895061834, -0.215521575831670, -0.918779067936477, -0.330749867230224, 0.218380258070602, 1.638587742360071
23.488486247123323, 22.876577908327150, 23.432047601641028, 0.185376015257701, 0.659455074471874, 0.786986043499842, 0.746847921029970, -0.233195116189810, 0.872814299849982, -0.428736790773322, 0.717793275142815, -0.142946544919825, -0.681424316747822, 0.656043330844063, 0.466649207941973, 0.593165798729291, 0.185376015257701, 2.327069317530505
16.930510762210243, 23.660965169094681, 24.681879081265382, 0.271509830783991, 0.901054503936283, 1.232642514084211, 1.096458671585935, 0.343260345512785, 0.871548025346228, 0.350109089732808, 0.937004258171823, -0.343468815406646, -0.063656837896866, -0.064771562944828, -0.349904576075031, 0.934543435200011, 0.271509830783991, 2.859924220030065
29.504132434770938, 22.702779876066558, 25.696327761711444, 0.207842296805386, 0.728839108980314, 0.857996891150757, 0.873591118560795, 0.138876466756340, 0.886457942541629, -0.441481192222430, 0.979196549359794, -0.189516739835075, -0.072508779083349, 0.147944059370928, 0.422227096983539, 0.894335973708821, 0.207842296805386, 2.607847161088870
29.883195182418564, 26.056573325899446, 25.532892057682940, 0.199772381171529, 0.935225390532039, 0.648570345401192, 0.799754616688923, -0.949167709293103, 0.313232535808608, -0.031081154196582, 0.258276898269579, 0.831450817118934, 0.491917251712625, -0.179926939215695, -0.458884426869299, 0.870086995260420, 0.199772381171529, 3.683817044502966
24.224949534545829, 26.379020622361082, 25.918262838020105, 0.172141537915896, 0.613189989356451, 0.682307133555525, 0.741832509648012, -0.492479455140044, -0.710490183463901, 0.502660606638712, 0.614820363917340, -0.692795037602939, -0.376869945717739, -0.616003170752809, -0.123445271574793, -0.778011155799395, 0.172141537915896, 4.040829203703328
24.142268343888759, 26.231425932960278, 26.154096060115410, 0.172489262865147, 0.592789374230925, 0.712178730499903, 0.739640328864874, 0.723652809880763, -0.556320573891211, 0.408453216191316, 0.330493128184504, 0.798880442220211, 0.502557788976413, 0.605888523554042, 0.228686374984155, -0.761972203510147, 0.172489262865147, 3.908540119968335
28.200657630487960, 24.963623959528217, 22.582086749851509, 0.192259811256635, 0.591236765787562, 0.876352759866086, 0.834543420108218, -0.068247589818008, 0.997607022257877, -0.011067774202863, 0.219364142948177, 0.004182986040677, -0.975634088896240, 0.973253121892062, 0.069012547913811, 0.219124688152200, 0.192259811256635, 2.358578841406145
22.667904516320284, 24.386832691029433, 23.587723442283700, 0.177150509599971, 0.769954477633219, 0.705618183975858, 0.622610153189195, 0.995773458812630, -0.088035822426192, -0.026170836709493, -0.091130152827044, -0.982522517589212, -0.162310805789009, 0.011424271094934, -0.164009744832134, 0.986392563653056, 0.177150509599971, 3.669641303792589
22.013419655173188, 22.870532255368190, 24.644224031413216, 0.187549390103979, 0.818749883507035, 0.794706567323921, 0.616897072373240, 0.884060479662299, 0.466646159091002, 0.026046698540907, 0.122168732449102, -0.176937210142211, -0.976610477354646, 0.451122898012333, -0.866564819198602, 0.213432764626823, 0.187549390103979, 2.438335029544286
14.650074874932336, 26.012213605181330, 25.637405473553937, 0.364446452886467, 1.755002204310520, 1.191430249581426, 1.408570822686658, 0.983521465284173, 0.174226702357222, -0.048276117397758, 0.077935893408223, -0.649524827847888, -0.756335570053289, 0.163130389087798, -0.740109825765676, 0.652400124127184, 0.364446452886467, 2.235471897452924
25.442110435223306, 25.145647219920768, 24.535116742052161, 0.166144012530699, 0.750697719950730, 0.658011299997606, 0.564910217389506, 0.537056665888734, 0.824861887553317, -0.176558783657048, -0.071392040828344, 0.253000543259978, 0.964828431181690, -0.840519669092188, 0.505562648513649, -0.194764201785193, 0.166144012530699, 5.285313599248987
24.320251496608396, 25.146132911367292, 26.700049113448873, 0.172211424416060, 0.631598446731704, 0.721164219271979, 0.682235707780926, -0.581744962026158, -0.800716100343666, 0.142921397305010, -0.316409681863819, 0.384658037954340, 0.867134999328222, 0.749304819402639, -0.459229703402938, 0.477127202255781, 0.172211424416060, 3.521038007848735
16.220547082811404, 23.977165137726619, 25.674304297872123, 0.294051835121182, 1.363458574504691, 0.998405509468092, 1.136440126290516, 0.971959636030134, -0.190259747076009, -0.138187172236580, -0.232101002964955, -0.870522936850680, -0.433957303014396, 0.037730496297172, -0.453862363563492, 0.890272634977471, 0.294051835121182, 2.573899389031752
27.469183881404781, 22.651370200142448, 25.961979501273831, 0.188503897855921, 0.978485214549636, 0.746654601771642, 0.557841454843657, 0.863186770757029, 0.461865083192336, -0.203934410332807, 0.102939042739933, 0.234441974739001, 0.966664633655470, -0.494279427318029, 0.855404936511483, -0.154823261566041, 0.188503897855921, 2.360130021391722
25.710309025936180, 27.571385775045847, 27.272922462508618, 0.197198966541587, 0.583709284289081, 0.972801768796203, 0.821706542580861, 0.191933773679260, -0.901576910899185, -0.387711877887074, -0.687903795324956, 0.158174351083534, -0.708356720188933, -0.699964138294783, -0.402666050708010, 0.589839178682169, 0.197198966541587, 1.842885593857834
37.062268397718739, 23.814012918309693, 23.563710943567230, 0.526091425727616, 2.779041511522387, 1.584325666510989, 2.012185304371499, 0.971980662642732, 0.158265450599637, 0.173797694446988, 0.144025675856835, 0.183348285367689, -0.972440235154176, 0.185769201275606, -0.970224434550698, -0.155416699418696, 0.526091425727616, 1.851677566005261
13.556899799927358, 21.984768806673237, 25.376056913498587, 0.511534289191854, 2.974566599983166, 1.312307870823229, 2.086356960461186, 0.962040619928373, -0.224455407595857, 0.155234067165713, -0.221383129592769, -0.974483547108131, -0.037031423781255, -0.159584947722343, -0.001259530282789, 0.987183396357498, 0.511534289191854, 1.796795871277037
19.909790623563175, 25.572318472752681, 24.883579985591574, 0.199263096480734, 0.839847120966727, 0.802760694610459, 0.714032665695420, 0.571145178172435, -0.820204503387835, 0.032523192842851, -0.672264747147777, -0.444657960085356, 0.591894761148521, 0.471013052040719, 0.359922034828441, 0.805358822918233, 0.199263096480734, 3.662871233243757
20.971867462303159, 24.804028543567398, 23.327733626940489, 0.191983622258156, 0.881070000436878, 0.727125417001464, 0.672042282502884, 0.466267409510013, -0.878562438417613, 0.103550686287056, -0.881089536888921, -0.471683894352309, -0.034576462998807, -0.079220772614821, 0.075115548392720, 0.994022999520621, 0.191983622258156, 3.052970013007644
26.758900553406793, 24.297136901719352, 25.567089392868219, 0.170734019316617, 0.766499377902648, 0.610360398927189, 0.647270526600030, 0.978475814618096, 0.148411737252320, 0.143384226654127, 0.009248986926331, -0.725661830153325, 0.687989363652785, -0.206154156999780, 0.671854794210978, 0.711415208614094, 0.170734019316617, 3.968663611118306
24.447552974670362, 25.172186231760254, 22.516674560346988, 0.180174197872815, 0.807066238494331, 0.729456160932165, 0.604495690168361, 0.925509813648113, -0.378618407721274, -0.008926711356549, -0.355568237939178, -0.860566838605044, -0.364686090305278, -0.130394835058236, -0.340694610506137, 0.931087734513890, 0.180174197872815, 2.662275545482231
30.172049432407590, 23.178757131086794, 23.510314642383953, 0.217729691083195, 1.029359377344360, 0.812691499744960, 0.750730430939648, 0.904944039561910, -0.345887292148992, -0.247867437133665, -0.254804278783015, -0.906974098464402, 0.335369593476442, 0.340809425889662, 0.240333031114169, 0.908894366458630, 0.217729691083195, 2.764972315681768
23.475181810727896, 24.891905711347018, 26.538617434806973, 0.173188992939941, 0.592176071559849, 0.776683862601255, 0.687210075226059, 0.521710861710936, -0.755545000596657, -0.396193802130007, 0.163584870364431, -0.367191684934888, 0.915647452190269, 0.837291924576301, 0.542514533066236, 0.067972159383373, 0.173188992939941, 3.574047409007318
13.397028621046292, 25.777642099184082, 25.474265755978131, 0.439756436713124, 2.034189326704922, 1.618172851699510, 1.571969540728727, 0.927594661414179, 0.326296906230673, 0.181929857638066, -0.002300291710391, 0.491958910204230, -0.870615379676188, 0.373581119402416, -0.807159686589313, -0.457089036809110, 0.439756436713124, 2.003619199978068
25.489480727063135, 24.029013321167650, 24.329836471129838, 0.168688315939750, 0.586764838401027, 0.669378259219649, 0.743606397800047, 0.715002675387460, -0.695484332022560, 0.071223016644255, -0.602312465499149, -0.561066383596648, 0.567824098733151, 0.354951923636302, 0.448894260498964, 0.820062848078107, 0.168688315939750, 4.043264260405754
26.652883781371870, 22.753393121064114, 26.419454557313848, 0.185569480069889, 0.816097041651141, 0.716918665977620, 0.664556262653953, 0.912685608126299, 0.295984669283209, 0.281776607028399, 0.231976131437994, 0.192417887952823, -0.953500094828961, 0.336440269828376, -0.935611261125626, -0.106955658535328, 0.185569480069889, 2.131292562089982
23.268752761763452, 25.296030145740875, 23.811741545771621, 0.172200160748130, 0.581715662525269, 0.718159748980207, 0.743691184977970, -0.293046531004815, 0.896648413369283, -0.331881535292928, 0.266097444059733, 0.409894082048670, 0.872455724817228, -0.918322318650114, -0.167357295340913, 0.358713889841547, 0.172200160748130, 4.082961199011820
23.065645765746766, 25.275032763797292, 24.236934373722818, 0.171137945281325, 0.709331306338084, 0.662893222123160, 0.648589670495521, 0.495324340181912, -0.834330218736390, -0.241964634041094, -0.861579678869533, -0.507427961006193, -0.014047111737665, 0.111059691078382, -0.215429688047830, 0.970183381905292, 0.171137945281325, 4.783426160397256
22.462411991713214, 28.734185562024784, 23.427072370658500, 0.226549475721991, 1.219837459415556, 0.615614507547772, 0.942111199571501, 0.994636633657866, 0.093123876472185, -0.045010116824356, 0.101117424281963, -0.783961638084170, 0.612518911152110, -0.021753930503025, 0.613785054920025, 0.789173411148964, 0.226549475721991, 1.426304438183400
17.165026445691986, 25.397296189550897, 24.325144553507304, 0.258153026506478, 1.219580795200134, 0.826831516278368, 1.038072909633845, -0.932201021618720, 0.331777632155339, -0.144654270916594, 0.124472315229508, 0.669154522522299, 0.732624643135460, -0.339864528944139, -0.664947988785101, 0.665083659531813, 0.258153026506478, 3.161067515179906
23.412284530349005, 24.899611023718858, 22.558957804815520, 0.182839496588586, 0.599171341627962, 0.817532371988902, 0.759237854106710, 0.203929476225954, -0.976459056136317, -0.070288551098894, -0.853939489347979, -0.142311745753930, -0.500534429937225, -0.478748490606834, -0.162095893562554, 0.862858507538656, 0.182839496588586, 2.779361749310281
18.292516372084787, 25.221983900589500, 25.713129394734235, 0.229939976341980, 1.025889654399800, 0.883196979667619, 0.816411315496315, 0.230928396815996, -0.882995791137844, -0.408644721459665, 0.199912222752447, 0.454096165097207, -0.868234862256858, -0.952211729994001, -0.118807010217677, -0.281385350693612, 0.229939976341980, 3.687512155913378
28.929019134155862, 24.414994057838626, 24.914063025605401, 0.185275854494409, 0.669569126605143, 0.736202730521051, 0.785032115929464, 0.640197997042180, 0.745376314588957, -0.185905014007061, 0.250516024718062, -0.431334166346414, -0.866713654156725, 0.726215013575621, -0.508296160316040, 0.462867980600658, 0.185275854494409, 4.607942595332166
21.710244776194155, 27.595744543536846, 25.700399289218204, 0.197304251794087, 0.833846955306987, 0.781269360436133, 0.717374584636399, 0.416965460392996, -0.903474596911489, 0.099365273485656, -0.369780373563164, -0.068752981836024, 0.926571909144748, 0.830302523280969, 0.423091810632489, 0.362754792675408, 0.197304251794087, 2.256888754572951
20.811609790460274, 24.001525283595790, 24.115975066307282, 0.191161702605741, 0.791078225397547, 0.758658990428870, 0.708207341201542, 0.984351275662774, -0.176148867894061, 0.004913495772863, -0.024752708742689, -0.110608308138644, 0.993555788861706, 0.174470253943097, 0.978129530537928, 0.113237590837511, 0.191161702605741, 3.339169103473235
25.257874713849446, 23.731464940138245, 26.296881049870333, 0.172573920700174, 0.608345452838070, 0.740037760860063, 0.694616579302355, -0.260710750428311, -0.705078082716360, 0.659465542605623, 0.923711609322556, -0.380785260482400, -0.041945776927872, -0.280689806394602, -0.598220262672849, -0.750563621496398, 0.172573920700174, 3.288062874279419
35.669341236022689, 24.711133454777112, 25.607732913138136, 0.387257437829922, 1.752131948555086, 1.473680596502705, 1.368525591190150, 0.949683567229356, -0.293488750034867, 0.109386817018763, -0.165622172784351, -0.766981462476145, -0.619926392485547, -0.265839082936869, -0.570617025526688, 0.776997935751672, 0.387257437829922, 2.217985389649789
28.778701444472713, 23.878951456755207, 24.193808668714833, 0.187411707277851, 0.773477600135511, 0.746575259016716, 0.693573689768613, 0.860606970222779, 0.503784587506889, 0.074543491965981, 0.177687199297018, -0.434211625890788, 0.883112406858414, -0.477266070457507, 0.746767268519311, 0.463201624196480, 0.187411707277851, 3.907917947148292
22.323649177335778, 26.725907683304229, 25.037989647395204, 0.180568563961952, 0.541690783890949, 0.891154300264391, 0.742071705121536, -0.652232710362318, -0.742196879640353, -0.154065841073053, -0.752688147658706, 0.610066147069701, 0.247547669295503, 0.089738753654874, -0.277422219823238, 0.956547891138137, 0.180568563961952, 3.525180477567309
26.127908317844017, 28.011722397963553, 27.077256754738155, 0.204075362359114, 1.020364592808215, 0.870719972912872, 0.582051799402588, 0.732625866398085, 0.677770703489513, -0.062339500926675, 0.537564056410943, -0.520018868231260, 0.663781034633028, -0.417473622088233, 0.519814630589416, 0.745324442565598, 0.204075362359114, 1.650970637254492
32.166762514409960, 25.651293418468338, 25.625650956276584, 0.243363176901896, 1.120479765901021, 0.940693319920446, 0.832024881200832, 0.673153999289466, -0.663605133105688, -0.326330998460736, -0.728334010910933, -0.518540154829795, -0.447934901943894, -0.128036173759569, -0.539207135658343, 0.832383567271804, 0.243363176901896, 3.023058994543475
21.696957030115041, 23.144833517100530, 25.313798161052151, 0.187137375166247, 0.842820049508554, 0.649545904914555, 0.728384486464442, 0.974728324715913, -0.122544388970275, -0.186782134393021, -0.223139215337377, -0.494197545721425, -0.840224777295659, -0.010657559529742, -0.860669308465698, 0.509052804618585, 0.187137375166247, 2.885513360164536
19.759147965872636, 25.490924941352727, 23.713607590934945, 0.205743012774812, 0.903081645466129, 0.830842927802328, 0.706241340753866, 0.827395773862280, -0.560102151954478, -0.041253033473943, -0.498814269991510, -0.699131338734362, -0.512249641534610, -0.258070838041954, -0.444410790345444, 0.857845261091335, 0.205743012774812, 3.508978846351069
27.624589318229415, 25.746924074639512, 26.895222473338649, 0.183230284021595, 0.787975899740479, 0.746280491163553, 0.636503116892413, 0.794794572930074, 0.603422274254134, -0.064677243098867, 0.565106280176225, -0.774728384274771, -0.283638542346405, 0.221261110334127, -0.188884857871066, 0.956747632095704, 0.183230284021595, 3.028314454290075
24.158928886164631, 26.980378242705939, 25.565107410045815, 0.175641872253512, 0.785385434242944, 0.667434883079173, 0.628950147930443, 0.660937308577847, 0.650705718564331, -0.373823410125088, -0.102845754619978, -0.414896776532090, -0.904037286609312, 0.743360360045193, -0.635958121774507, 0.207298438157461, 0.175641872253512, 3.399021903746882
26.888795848653590, 25.237698659618321, 25.358684984455568, 0.170010603207861, 0.581617406411492, 0.703528727791010, 0.730689029783491, 0.426111496786540, 0.859252622489358, 0.283044030234690, 0.823943235418297, -0.497795385862808, 0.270771672488330, -0.373559281928268, -0.117833291386008, 0.920091722778972, 0.170010603207861, 4.440055334773174
29.800238705749639, 24.586053072150857, 24.377188604698535, 0.196515637952793, 0.893841300442172, 0.672633603683645, 0.768026424827372, 0.962162891693602, -0.270371637112535, -0.033789757218608, -0.128134046193711, -0.558416846741888, 0.819604960624858, 0.240466704667887, 0.784263860648911, 0.571931779870846, 0.196515637952793, 4.408479078259208
27.737402860523325, 22.833063746938326, 23.783093411335514, 0.189820726545288, 0.827219923611436, 0.676598201957046, 0.743537475601252, -0.806193665739459, -0.591575738989719, 0.009482529216492, -0.144203874493212, 0.180925278185802, -0.972867558455176, -0.573809215595846, 0.785687080682990, 0.231168326864046, 0.189820726545288, 2.515330646323229
15.207255224317306, 24.323578566742675, 22.837096024839830, 0.359701850300312, 1.789263849095272, 1.145334148251157, 1.381800076666613, 0.941686844560445, 0.269844199898085, -0.201022373290024, 0.162406473308241, 0.158736225600188, 0.973872141561605, -0.294703281639976, 0.949729918694556, -0.105655370554745, 0.359701850300312, 1.797624126089015
25.524535825427563, 24.083910848028616, 25.200246525622823, 0.167520955140264, 0.726200765629995, 0.621617473219820, 0.633652713852568, 0.441358756002256, 0.822230543981540, -0.359359681995577, 0.880492609538646, -0.474048803101592, -0.003239880518586, 0.173017955854204, 0.314983594527984, 0.933193507333963, 0.167520955140264, 4.271072205017097
20.885858378528592, 27.237250582652383, 22.771533468496653, 0.215821627555554, 0.719180997574919, 0.937423418344378, 0.907266094725477, 0.159202289109085, 0.880405885524447, 0.446699124552917, 0.713513316476292, -0.415323828762936, 0.564273749586757, -0.682314720897498, -0.228892101208430, 0.694301827486403, 0.215821627555554, 1.697380150599095
26.215841077012460, 27.375407432865199, 25.583731742507108, 0.180615203548557, 0.816996303266813, 0.713933723912663, 0.614622875190133, 0.885236178307427, 0.458864492625907, 0.076159608867374, 0.413714533008990, -0.851572173206055, 0.321970680339483, -0.212596316508108, 0.253511757574053, 0.943681405443012, 0.180615203548557, 2.454605173237118
28.543476365552131, 24.684173389789976, 28.665443372912151, 0.223165550409705, 1.090008311850196, 0.661771909499555, 0.937491024635443, 0.989340759249673, -0.059424992826062, -0.132941838090589, -0.120487160548134, 0.178644943534864, -0.976508488592124, -0.081778397088290, -0.982117434107067, -0.169580775421691, 0.223165550409705, 1.675543877235497
19.057877892084903, 23.281015732560565, 24.097049260673110, 0.224137622237704, 1.012340105913299, 0.756690044577580, 0.894383157387841, 0.998686952595855, 0.034869119072270, 0.037530191178952, 0.050987935812264, -0.747500282613828, -0.662301712132660, -0.004959951250696, -0.663345665567638, 0.748296683713231, 0.224137622237704, 2.587565252148004
30.491517703662563, 25.037960332609764, 24.793882352281798, 0.205771225497904, 0.907488779422952, 0.719692206139306, 0.811689003928931, -0.891273504048432, -0.295887381845967, 0.343630904089795, -0.263235780745269, -0.279445300893093, -0.923372756552952, -0.369240388793885, 0.913433621602089, -0.171174046543959, 0.205771225497904, 4.304987835618406
19.452612231819273, 25.995853160208458, 24.181269475452453, 0.209950444013258, 0.998200991883008, 0.832301652884627, 0.677759216330014, 0.560054952849772, -0.664219682059734, 0.495126916813160, -0.181808991616882, -0.681622969038527, -0.708756388786976, -0.808259822306968, -0.306924000435888, 0.502507430393560, 0.209950444013258, 3.321838559234416
23.766032211056242, 24.829192960854652, 23.386005512165070, 0.173043908567537, 0.750000058603302, 0.694824061451325, 0.605001700083442, 0.837016373691632, 0.515724505874990, 0.182843715265542, 0.284494855620531, -0.695615211862378, 0.659683374166056, -0.467403751907880, 0.500147689253541, 0.728962290956659, 0.173043908567537, 3.808564335008363
31.837074912300793, 25.229752057222097, 22.524683309811810, 0.256846057032755, 1.236399121531872, 0.884340454726617, 0.942897148956713, 0.995246936867044, -0.089633725380941, 0.038070066076905, -0.008786286744567, -0.471984135936203, -0.881563257282084, -0.096986266151492, -0.877038636947592, 0.470528313153526, 0.256846057032755, 1.993737728571270
17.077632184245324, 23.186339589249393, 26.262753718178178, 0.280349809445234, 1.361606891167364, 1.107017207310058, 0.889443728517419, 0.988941608821484, -0.143037592782816, 0.039175775582265, 0.002466223064618, 0.279980869795629, 0.960002411607532, 0.148284901744480, 0.949289713206342, -0.277237494425356, 0.280349809445234, 2.223219980051999
22.998255924932884, 26.365555384439368, 22.798363703353576, 0.186664895381037, 0.863460441470545, 0.701192943998500, 0.653629680403930, 0.803117420512024, 0.540205859273305, -0.251356397326392, 0.167419825863306, 0.200265159330404, 0.965331273639401, -0.571815539119053, 0.817356406694875, -0.070395267289989, 0.186664895381037, 2.385178133032383
21.380356479706990, 23.808543016807707, 23.325765285345064, 0.191903393661461, 0.809097933154230, 0.775580851143826, 0.685241392520284, 0.781538775924440, -0.620678578355072, -0.062890731412936, -0.510459332430500, -0.578267889669542, -0.636425579083480, -0.358648033120406, -0.529494428817019, 0.768769951409785, 0.191903393661461, 2.781369715412580
26.911013938926470, 26.736898157499375, 25.306676035085225, 0.176507852766753, 0.767334607963293, 0.662556375180853, 0.658124814157138, -0.241524467515439, -0.704765091959894, 0.667062288505462, 0.622029804847728, -0.640053576385690, -0.451010356019664, -0.744811958465008, -0.306002589058734, -0.592973491833211, 0.176507852766753, 3.159602428390603
25.094610519410974, 23.568714804307845, 24.877330329075384, 0.169910400900077, 0.718374491272430, 0.641051106306399, 0.648097178839840, -0.423599985030265, 0.740131502799788, 0.522272353514607, 0.357573456051602, 0.666356634905270, -0.654301198718937, 0.832288577483598, 0.090411247536205, 0.546920039959476, 0.169910400900077, 3.908952518408197
35.765598962852913, 25.168582543024250, 25.700279172953547, 0.394539648772781, 1.760477563248481, 1.496373032223266, 1.418487089813684, 0.920276185744484, -0.380869091080179, -0.089612931049835, -0.089172119702267, 0.018843693742408, -0.995837962860398, -0.380972538405839, -0.924436937095171, 0.016621501578095, 0.394539648772781, 2.201333408234968
20.033193122884324, 25.056999705110858, 28.053610100409532, 0.227840696234307, 1.159745086051350, 0.898263734957750, 0.690798337054745, 0.991889417619761, -0.111267435572990, -0.061440548459001, -0.124356436865378, -0.949498589372068, -0.288076214551982, 0.026284212449294, -0.293380276367487, 0.955634424670050, 0.227840696234307, 1.922775523182846
15.767340091676635, 22.563204145732037, 25.903395138511929, 0.341889486059886, 1.847712647016430, 0.973842254521134, 1.351319314060640, 0.987479105587611, -0.156012166709219, -0.023349943609912, -0.134652128613099, -0.910719754765989, 0.390459130433567, 0.082181629868557, 0.382426113278985, 0.920324099214226, 0.341889486059886, 1.936153379849410
25.677273315949904, 27.780371274193175, 25.067538707630945, 0.184395767238060, 0.905636393884824, 0.663490986133343, 0.634874294207912, 0.922027052538144, 0.362423373999657, -0.136071350278178, 0.384414911465400, -0.898670876117458, 0.211224601458563, 0.045730626836631, 0.247062652776547, 0.967919808337522, 0.184395767238060, 2.244319680400721
31.535919225406289, 23.713770684189598, 24.301012655963085, 0.233117521787497, 1.104965536392298, 0.904997977852225, 0.770818634259432, 0.860399912486540, -0.449717455268906, 0.239721090060123, 0.499062189060704, 0.838787770951322, -0.217651112453970, 0.103193614352306, -0.306902730077417, -0.946129902406607, 0.233117521787497, 3.124972542949629
24.229638007875824, 24.853214752460012, 26.784865772059725, 0.173122947886976, 0.718449745851466, 0.652127052492728, 0.673843583500282, -0.353072010180254, 0.810677004031361, -0.467057759556578, -0.256604880563079, 0.396158398481115, 0.881596539571297, -0.899718895488187, -0.431116363001469, -0.068151233693185, 0.173122947886976, 3.389852605640174
18.919617096270695, 23.887950719932913, 25.210353559163629, 0.219036198160181, 0.739509220270545, 0.977291390586112, 0.884715846090225, -0.403625559507741, -0.797846354740572, -0.447803083887600, -0.834364011010539, 0.120163432688854, 0.537956732995170, 0.375397262699754, -0.590763864561479, 0.714195317462890, 0.219036198160181, 3.164265844842680
18.153044379764214, 26.916306420934678, 23.854072958873623, 0.249303879130471, 1.083755725442954, 0.950817876526671, 0.914917972482738, 0.859262775677483, -0.494771658883566, 0.129878743066878, -0.351282888052653, -0.755304456930583, -0.553277064319663, -0.371843804434624, -0.429786206044822, 0.822809821402967, 0.249303879130471, 2.274485523982265
23.326891970229390, 24.551385408088517, 23.684755366520946, 0.172994208796164, 0.802778173315190, 0.588246337906411, 0.667058158268188, 0.937305888170494, -0.294180190788131, 0.186857398432014, -0.310114845811634, -0.948673000826652, 0.062034828199820, -0.159017151301829, 0.116092863046843, 0.980426434130291, 0.172994208796164, 4.179143211518816
24.944321863296665, 25.747699356740480, 27.009859978038584, 0.175767165575918, 0.764633341274360, 0.640180346522905, 0.674965342147174, 0.961857930317076, 0.182440904961967, 0.203825018294640, 0.246905433200627, -0.899775815505958, -0.359779361396120, -0.117758349776830, -0.396382136362435, 0.910502154325068, 0.175767165575918, 2.975696922436636
28.644649336926197, 23.598096482098857, 21.143419611473238, 0.241717692118438, 0.699344942285805, 1.183104671209869, 1.038566962792536, 0.096542475619116, -0.945194502993078, 0.311908483233466, -0.278513868683650, -0.326507646438327, -0.903229085984376, -0.955567671780601, -0.000329133671520, 0.294771634182849, 0.241717692118438, 1.324561510731739
20.333418798865388, 25.108678807846569, 24.948447781849168, 0.192449220296361, 0.647852517260662, 0.848791241659880, 0.788669818722307, -0.350835226338785, -0.877165048622744, 0.327866011404768, -0.914266532364114, 0.396583560900861, 0.082693331182697, 0.202561970168912, 0.270745187764901, 0.941098130666211, 0.192449220296361, 4.194608342546253
23.179150955421221, 24.826206916686665, 25.356912196192887, 0.169703870267681, 0.543753820935611, 0.751101132275671, 0.728112180269760, 0.421278129186920, 0.762613029253907, -0.490862613651670, 0.869376631118927, -0.185436499781745, 0.458036655534248, -0.258280876437017, 0.619705310741222, 0.741118287931185, 0.169703870267681, 4.584515348880625
27.582537221408799, 24.373326252823063, 25.612038774386995, 0.174979701242374, 0.746873177641510, 0.770029613930915, 0.566803489412009, 0.951538197347053, 0.305820582059231, 0.032385653899123, -0.167714007951769, 0.427772546899970, 0.888190666273558, -0.257773292887907, 0.850578873301980, -0.458332313683052, 0.174979701242374, 4.358095216878851
27.749284336481953, 22.693741293409772, 25.001345704250827, 0.187360092521513, 0.914112692603096, 0.726602799961387, 0.602501682526493, 0.909076395624908, 0.416063707094166, 0.021704804921599, 0.212194567559670, -0.417542171083412, -0.883533814217155, 0.358543682716332, -0.807805376935565, 0.467864190314027, 0.187360092521513, 2.649215425658184
29.151930026701958, 26.162794100423866, 24.219881737251939, 0.191606698567203, 0.819142809504028, 0.776641632295048, 0.672783864013208, 0.713720929965714, -0.698539060684501, 0.051435540503531, -0.219716445910079, -0.153553408237345, 0.963403360080988, 0.665076775662419, 0.698902376241997, 0.263074801069527, 0.191606698567203, 3.406131195343158
25.559361984481491, 22.950516952901452, 23.989588128091853, 0.177601910488617, 0.833858704920033, 0.601907179137800, 0.679117158295398, 0.885842991231003, -0.405825216134190, -0.224917960235613, -0.400363707624991, -0.423565235954916, -0.812589313557117, -0.234501804904955, -0.809875536635164, 0.537689983778965, 0.177601910488617, 3.007491345220616
28.657757909310771, 24.387124515466031, 25.477987913627164, 0.183210281444325, 0.583567438989616, 0.741951394588730, 0.864185175734498, 0.599499040560159, -0.737515178168318, -0.310921633758096, -0.356949730580244, -0.594062465496166, 0.720886036019084, 0.716371265620097, 0.321187093545135, 0.619395722243776, 0.183210281444325, 4.417584090865618
22.733312839307416, 24.291796750637968, 26.334910048385936, 0.176463304276467, 0.819222943511282, 0.585771669067071, 0.696717220903877, 0.984150160116142, -0.175714513342143, -0.023934747634047, -0.161198265642832, -0.942656324306677, 0.292257033103343, 0.073916043570491, 0.283766566116517, 0.956040247299938, 0.176463304276467, 3.390577966503778
22.991181289367496, 23.992637102480476, 24.379084238333299, 0.173174526144323, 0.815036293973898, 0.583272368111286, 0.664702736081492, 0.934949042734868, -0.249205129705154, 0.252521466053467, 0.030641554895432, -0.652385982201740, -0.757267208678854, -0.353456337618588, -0.715743902213152, 0.602311616891078, 0.173174526144323, 3.931681316980520
19.821261369023937, 21.552971552799118, 26.761265914348002, 0.259201131278718, 1.431031844674391, 0.670737864853207, 1.103906649966193, 0.982245664352258, -0.107118270985004, 0.154010164867046, -0.147962378543023, -0.947045114504989, 0.284978395019912, -0.115328181278829, 0.302706503255905, 0.946080431828870, 0.259201131278718, 1.549308052807850
27.612788009994059, 24.908043879175111, 23.106376021395029, 0.181607724057465, 0.744231746035317, 0.714134110841890, 0.685707298467160, 0.553059731931200, -0.694958047779027, 0.459519580369926, 0.635686165325369, 0.708516416013726, 0.306443449029332, 0.538542507263927, -0.122628708165046, -0.833627115564060, 0.181607724057465, 3.151208139797129
24.933748660329865, 21.719678273658108, 25.260748525853653, 0.193446445939404, 0.977420429536264, 0.781544923869162, 0.576594772000475, 0.783157907216955, -0.616147572373094, -0.083820411728301, -0.139042160551932, -0.042134249076206, -0.989389702111274, -0.606078352981369, -0.786502939672528, 0.118668260010262, 0.193446445939404, 1.924167365997986
20.512952481843314, 27.007286956190388, 26.998137514471679, 0.214242569911813, 1.013227098313266, 0.839642138673337, 0.703299128027568, 0.781820887051713, -0.620122398452427, 0.064840662452528, -0.333841251399116, -0.328507929254235, 0.883534130230048, 0.526598632199083, 0.712411925331619, 0.463856798173047, 0.214242569911813, 2.125285227281092
28.249148173399895, 24.693512488771674, 25.650160910334797, 0.179343160886537, 0.597920393884534, 0.773276999704878, 0.759101402760595, -0.518776208963037, 0.841150316287705, -0.152765802531301, 0.649797765816780, 0.504083673409022, 0.568913450132785, -0.555548475430777, -0.195871885709921, 0.808084213331123, 0.179343160886537, 4.433408145829968
31.212469564092356, 23.691338412831612, 23.184321668181568, 0.236604160170067, 1.070818859003736, 0.927002796534472, 0.811883784877067, 0.760649918484495, -0.457152582362357, 0.460893933512864, 0.537137696464763, 0.044523832472533, -0.842318659046852, -0.364547385871932, -0.888273125103640, -0.279420934563884, 0.236604160170067, 2.398428979058623
30.187223983654551, 23.522450821917413, 25.238047214268661, 0.207180189317888, 0.929612262617184, 0.716061935102711, 0.812860535137141, 0.901173971241201, 0.426957480225511, 0.074784915837654, 0.396640623319623, -0.881848106531283, 0.254990456566146, -0.174819019245571, 0.200128026739568, 0.964047241281952, 0.207180189317888, 3.549524855591822
27.961028408220198, 22.410457641656603, 23.554100775351316, 0.199762563843886, 0.899566773555538, 0.679360845582236, 0.793655782360206, -0.903654746604193, 0.236423336799276, 0.357088371074176, 0.204062840825572, -0.495362466550289, 0.844378104718148, -0.376518865309441, -0.835894749684379, -0.399391426443007, 0.199762563843886, 2.084570531192028
22.754814292765172, 26.294262038986538, 25.734172968981269, 0.176123768688265, 0.884768283475631, 0.646827238335096, 0.580844468001978, 0.497688091979336, 0.818257412817431, 0.287682758383765, 0.103553700067671, 0.273249987550093, -0.956353007788530, 0.861152248039952, -0.505756117781285, -0.051259682232138, 0.176123768688265, 3.932863695788112
22.182961684409150, 27.153756294184188, 26.517386775222938, 0.192574319894404, 0.866804018874155, 0.730621940692322, 0.686128226156747, 0.815940038693220, 0.500471739056479, -0.289430288088670, -0.178429801179019, -0.258192924502978, -0.949473127470080, 0.549913319813698, -0.826356129124957, 0.121370871913709, 0.192574319894404, 2.288076230434916
22.758586004206023, 24.771518985374339, 24.429172902545442, 0.172040445218184, 0.748143010328686, 0.658966614661280, 0.628445226656255, 0.652352367005093, 0.753348163542039, 0.083083895856480, 0.416178642333139, -0.264437704703055, -0.869981630838907, 0.633428549189723, -0.602112319106010, 0.486033978495521, 0.172040445218184, 4.712043331655858
23.597761092662729, 26.513544626580380, 23.235061357049798, 0.180252346375312, 0.574408215190916, 0.753813960626785, 0.822965738308829, 0.201529391434863, 0.947872283806175, -0.246827952185244, 0.943625248939425, -0.255446236148483, -0.210519856549405, 0.262597208575991, 0.190487149250653, 0.945916144284713, 0.180252346375312, 2.726499449734020
19.960450983580511, 24.382096420274269, 23.989306179138033, 0.201214446050091, 0.912355766516758, 0.697141470490572, 0.779320546509068, 0.953083179502423, -0.255698613167936, 0.162020591819515, -0.094934270959749, 0.255750119441522, 0.962070351171363, 0.287436840274333, 0.932314375964268, -0.219476575568933, 0.201214446050091, 3.583794615915783
34.549452809545059, 26.651694107940738, 24.389216668062936, 0.343535996008170, 1.623157365556740, 1.293266447902634, 1.175146212158459, 0.888036683656353, -0.400031441303904, -0.226640010697465, -0.430930998214912, -0.552339123803082, -0.713596501598728, -0.160278892116603, -0.731366076793807, 0.662883352074186, 0.343535996008170, 2.167272670915851
24.669423870233981, 24.623685970362938, 24.368217058727556, 0.166732179444457, 0.579644389845378, 0.718971781222267, 0.676719347282395, 0.154040853319999, -0.877937155818092, -0.453318614158393, -0.949018370164687, -0.259164443680012, 0.179437800426750, 0.275019178601069, -0.402566940478313, 0.873100400776178, 0.166732179444457, 4.997885168030003
34.057528524101230, 24.314787593490962, 23.700425890988353, 0.312919606697429, 1.036013233228907, 1.418976019562606, 1.268182518089668, 0.287308986852266, -0.936297787886065, 0.201990094988801, -0.441883397728104, -0.316664183831810, -0.839322856528046, -0.849819162461162, -0.151888930069949, 0.504714913625519, 0.312919606697429, 2.343319230765583
19.308380208924920, 25.095738506308642, 25.193142499830230, 0.207781912485785, 0.918853718706870, 0.852995077544935, 0.696392538953511, 0.451483449048157, -0.892271484483716, -0.003780636560937, -0.792568992221314, -0.402973768893240, 0.457653290333707, 0.409874478108690, 0.203626470679043, 0.889122698300929, 0.207781912485785, 3.705268463047453
16.676509803055428, 24.936295258153255, 25.643566540823681, 0.272912821614992, 1.219647281620907, 0.931956612633745, 1.088092122603936, 0.954828229605467, 0.258802151799518, 0.146029100430117, 0.193501480937814, -0.168552131352255, -0.966512987957991, 0.225522124908761, -0.951110732375863, 0.211016932818402, 0.272912821614992, 2.943029527489418
21.568902430394822, 23.974038477932705, 25.305979603587470, 0.182170537613012, 0.640199454761342, 0.730510867256302, 0.786531703540060, -0.446449406009605, -0.718937553666842, 0.532739825619606, 0.340957845995126, 0.413772291228786, 0.844120985561693, 0.827303254634015, -0.558499136023341, -0.060399006060926, 0.182170537613012, 4.017934160721155
35.768597539198247, 24.702844520017717, 26.267171051565992, 0.402359323620967, 1.910472477773024, 1.310818416164751, 1.582641982787445, 0.938060327225842, 0.330023240046443, 0.105486887878045, 0.044938672685065, -0.417781831557841, 0.907435318310612, -0.343545249104469, 0.846488630903820, 0.406735367983071, 0.402359323620967, 2.110009240314995
29.219944566789476, 22.199032795799489, 25.512869547886798, 0.211839890112329, 1.055477427769987, 0.802052815565525, 0.683274327659833, 0.831008257167179, -0.502498699390231, 0.238579826538402, -0.046577455230156, 0.364535618258516, 0.930023829632964, 0.554306609363672, 0.783969922976646, -0.279526998130309, 0.211839890112329, 2.249455818742457
32.805492784478751, 24.557030356636496, 23.307954173541187, 0.270028693760362, 1.189267175092253, 1.056279712962514, 0.953663518931314, 0.907642716131626, -0.390594391757219, -0.153690341209240, -0.298350167568279, -0.857895393809958, 0.418333205461431, 0.295248839735543, 0.333843547799660, 0.895196407626478, 0.270028693760362, 2.418882629266726
29.152586845212987, 23.690550246928179, 26.168117519415535, 0.194803505476477, 0.873414601327911, 0.714962069591564, 0.720295409320235, -0.606943735346838, 0.713915621359911, 0.349204506989127, 0.560451651826081, 0.696017771869984, -0.448835389877580, 0.563483139134299, 0.076705585320985, 0.822558815582157, 0.194803505476477, 2.885748295975631
14.768034318759449, 22.219363642673684, 22.293881975910974, 0.472919987136212, 3.267735842305425, 1.159122185530669, 1.699067532741596, 0.965558660582701, -0.258059818742310, 0.033190404101592, -0.201925230861598, -0.823676837508023, -0.529889298339069, -0.164081303368883, -0.504937221150775, 0.847417092452885, 0.472919987136212, 1.819609317619621
18.368107537459192, 26.469690420187913, 26.703163099622689, 0.244346292133934, 0.792955082512081, 1.136081639538034, 0.985332766071741, 0.323779090782766, -0.887000988355069, -0.329236005061743, -0.634522636096124, 0.054552500216236, -0.770976685122049, -0.701817728939296, -0.458533827953062, 0.545159246430987, 0.244346292133934, 2.390237197707057
16.458396040661583, 25.595146307667413, 27.437391961989327, 0.308975121455585, 1.566089165072082, 0.913092579066133, 1.255055787052810, 0.958510897425968, 0.283813807975421, 0.026581608645025, 0.120619229372922, -0.319328457970041, -0.939936347544853, 0.258278649952234, -0.904145485158758, 0.340313209625904, 0.308975121455585, 2.078814169604891
23.224584387720398, 25.463114884906748, 23.876142226604038, 0.172371949562559, 0.591299787221196, 0.715893973732216, 0.736151404985173, 0.430353766104065, 0.694020841502977, 0.577174763446522, -0.082525809539168, 0.666988309541346, -0.740483683611653, 0.898879929000505, -0.271038127381884, -0.344315562740590, 0.172371949562559, 4.145048949998997
24.830865167138096, 21.935683556089959, 25.189945113784741, 0.189138846349861, 0.867012168611274, 0.803687076962775, 0.590818142679806, 0.881672716325768, -0.462884532318738, -0.091603116905510, -0.143642113239740, -0.078371333894906, -0.986521605099227, -0.449466533337870, -0.882947248573547, 0.135587579245448, 0.189138846349861, 2.025420522884010
