xis_x,xis_y,xis_z,local_bandwidth_mbe_silverman,eigen_value_1_sambe_silverman,eigen_value_2_sambe_silverman,eigen_value_3_sambe_silverman,eigen_vector_1_x_sambe_silverman,eigen_vector_2_x_sambe_silverman,eigen_vector_3_x_sambe_silverman,eigen_vector_1_y_sambe_silverman,eigen_vector_2_y_sambe_silverman,eigen_vector_3_y_sambe_silverman,eigen_vector_1_z_sambe_silverman,eigen_vector_2_z_sambe_silverman,eigen_vector_3_z_sambe_silverman,local_bandwidth_sambe_silverman,scaling_factor_sambe_silverman
51.960855786321083, 49.023255903320724, 51.137662017174428, 0.378459403120187, 0.155929562327971, 0.140485604524548, 0.125581636385164, 0.302223316523928, -0.913602309343864, 0.272014498346752, 0.900586163476937, 0.367183192138546, 0.232639346553503, 0.312418996066453, -0.174663458606846, -0.933748920815614, 0.378459403120187, 1.634925087246490
48.685777095166443, 51.023234852631560, 48.351228583090830, 0.440960671263784, 0.157553308115243, 0.142327867941622, 0.194048648778225, 0.993179169702703, -0.114449569319383, -0.022280775373764, -0.113468972510678, -0.992687542993074, 0.041185364679040, 0.026831495411540, 0.038376269607430, 0.998903064759038, 0.440960671263784, 1.597604911083615
49.915453314984035, 50.087541587792266, 50.563716443724417, 0.250988235994448, 0.105359864793997, 0.082664472792595, 0.092128609389220, -0.751569794412908, 0.548254320715034, -0.366824268476659, 0.224688438127470, -0.310068661762278, -0.923781646691895, 0.620207989224564, 0.776707554237917, -0.109851833356462, 0.250988235994448, 1.951078172974060
50.031500062162465, 50.167025707136652, 52.350337747528101, 0.562663830043377, 0.191551154607762, 0.223393588974248, 0.211261343271298, 0.249529317280981, -0.957029164799471, 0.147750795397232, -0.459028916206186, 0.017448232986728, 0.888249972278196, 0.852659119404620, 0.289466296637222, 0.434950214630674, 0.562663830043377, 1.557039716897878
52.029299884839503, 49.725863420853457, 50.758836189853980, 0.308264952412516, 0.131278937199675, 0.111931779210381, 0.101170178576049, 0.747446359090561, 0.566202729169384, 0.347474329646673, 0.624229643779357, -0.777559664712984, -0.075751697265005, -0.227291205525777, -0.273524107333472, 0.934624668301702, 0.308264952412516, 1.750648286693842
47.520684384022957, 49.126813469160581, 49.870429191094118, 0.335895960758693, 0.138397619489065, 0.108931201616338, 0.127573935060844, -0.976242708992123, 0.138702092780712, 0.166468923820550, 0.165357306275400, 0.973381116213466, 0.158701492936799, 0.140025477685544, -0.182458028207245, 0.973191622210990, 0.335895960758693, 1.726201374520397
48.938018266239546, 49.152950545773642, 48.190462333657131, 0.456794214183717, 0.139021913925032, 0.197163372546035, 0.176474030179150, -0.569789419481040, -0.808309811306618, 0.148240569322027, -0.233861175307431, 0.332416861070244, 0.913678270049164, 0.787812774795692, -0.485936497313863, 0.378439892779617, 0.456794214183717, 1.662675143440057
54.629043786220208, 50.351458709286831, 48.298504618646902, 0.669126731440324, 0.222696998944423, 0.251571651664691, 0.271379849297805, 0.314293283149525, -0.873147240164474, 0.372603850168318, 0.509605131533371, -0.175971902265045, -0.842221170197044, -0.800950898671041, -0.454585290794129, -0.389653527267068, 0.669126731440324, 1.320477145121818
44.191160582460476, 50.689479362087276, 50.248446605441991, 0.716295457122820, 0.313393538883838, 0.256559830532768, 0.231967111086435, 0.955420336662721, -0.243879769962913, 0.166417060706316, 0.275108114743428, 0.939967759397928, -0.201931019149500, 0.107179781179148, -0.238711686130519, -0.965157616874630, 0.716295457122820, 1.397430334196466
49.521279685561197, 51.418390615665871, 49.824038851829151, 0.326951209978956, 0.129793436494559, 0.118780228367782, 0.115048373100815, 0.921503063899071, -0.255592343518573, -0.292411793810218, -0.130036376230688, -0.912516250471417, 0.387820362387506, 0.365954428968166, 0.319353482148339, 0.874122822810567, 0.326951209978956, 1.759470489164924
54.978652388569614, 49.403310725709616, 51.406237453035274, 0.636924808047403, 0.265830456585828, 0.232501982603906, 0.212159077744133, 0.954210963521446, 0.286444022771902, -0.086204749948740, 0.232307991831536, -0.528051018531289, 0.816820126318681, -0.188452736851109, 0.799444772105189, 0.570415306883510, 0.636924808047403, 1.436143262529853
51.481510328842866, 47.932943347762652, 50.846649449625751, 0.630870077147723, 0.290704512349391, 0.233555450999334, 0.187675044592997, 0.946664784068180, 0.292740060070973, -0.134644137766144, 0.025730065208757, 0.347852084532570, 0.937196292689370, -0.321191143012223, 0.890675128492982, -0.321767097656850, 0.630870077147723, 1.749014693941713
50.809713064822283, 48.135246685721008, 49.385596708777342, 0.423194954077286, 0.139479507079606, 0.158008212085291, 0.174525906157491, 0.793989000434421, -0.506945303236478, -0.335541244432968, 0.091813815279189, 0.645601660880524, -0.758135026754593, -0.600958975732145, -0.571143550252285, -0.559145199829336, 0.423194954077286, 1.585282142058305
46.836114608044959, 50.609513791026352, 51.079506862883498, 0.430204014987149, 0.135953388318052, 0.175674196862508, 0.169181895787436, 0.789448918721880, -0.573772644199138, 0.218071909006145, -0.530064024777033, -0.458110398014672, 0.713559382860328, 0.309519844866251, 0.678910757021546, 0.665790995459088, 0.430204014987149, 1.596045254441175
57.237361038631249, 48.956198849719016, 48.735905144005613, 1.943297852913384, 0.804023511586736, 0.646983918148915, 0.715952813515947, 0.619476096183628, 0.755991274073366, 0.211486547520217, 0.425681495642239, -0.097139923167437, -0.899643873760507, 0.659579131359443, -0.647333784729295, 0.381987356627374, 1.943297852913384, 1.679799964906400
48.381636099876495, 49.065945467883274, 49.637197173328126, 0.319754104859963, 0.135046259767342, 0.117428406488349, 0.104621557102506, -0.585745975033242, -0.632735452381910, 0.506505182630362, 0.664500127071486, -0.017103681042013, 0.747092394029542, 0.464048740817530, -0.774179121000995, -0.430471200839025, 0.319754104859963, 1.731018329479038
47.352743544350247, 50.652773955883134, 51.485313319480049, 0.459914786188857, 0.178907873781507, 0.171214531858828, 0.161172358746068, 0.985511162703855, 0.156345936319086, -0.065754820223349, 0.047767618650602, 0.116144489861759, 0.992083016729549, -0.162745208207638, 0.980849838492753, -0.106993418181647, 0.459914786188857, 1.596647348226483
54.539984247719616, 49.939850205086060, 50.727962735434367, 0.472006111785177, 0.200251321045001, 0.168599349092091, 0.158066597572587, 0.702328710304685, -0.507490002294177, 0.499187620292424, 0.659958714645747, 0.727037933883042, -0.189394661113276, 0.266812439074515, -0.462460528333537, -0.845542064056292, 0.472006111785177, 1.462394131538777
47.812866023615911, 50.466887380801282, 50.258684087152645, 0.288752199814390, 0.097324538793075, 0.116678720850445, 0.107594584547588, 0.562770832494652, 0.726848944313437, -0.393674487671882, 0.506809366139198, -0.679634559636137, -0.530321724749965, 0.653018572849855, -0.098931680965377, 0.750852359665003, 0.288752199814390, 1.773634935165458
49.668531784802219, 50.151543123486427, 47.814396134283768, 0.486855415804927, 0.152302788752244, 0.193133946775640, 0.199095785698954, 0.075570966278603, 0.997128742899583, 0.004826918190408, 0.181172404344629, -0.018490665196443, 0.983277506711396, -0.980543517116759, 0.073432726928064, 0.182049569228284, 0.486855415804927, 1.535400232978128
48.874558650016148, 50.241287955698446, 48.386235057213057, 0.405147331447653, 0.167158164693024, 0.146668561976858, 0.137658439507497, 0.526213960636958, 0.822503108245760, -0.215841387497460, 0.834728820294845, -0.548061287934522, -0.053447368847592, 0.162254935826134, 0.152044275109642, 0.974964550230643, 0.405147331447653, 1.672827221633991
48.889272677886972, 50.530725981654086, 49.402760294598636, 0.276744724010941, 0.086450611114858, 0.113354909683066, 0.109763556228628, 0.700388934125642, 0.573916157949763, 0.424353136666302, 0.323411882408044, 0.274822773369287, -0.905470704967808, 0.636286174037777, -0.771422508669403, -0.006871524326642, 0.276744724010941, 1.854925241310965
54.079845625038452, 51.799859187495173, 49.881050588984330, 0.573428485416049, 0.228893835479468, 0.209270731655047, 0.199766988123524, -0.239593237172174, -0.694850485183635, 0.678069232410250, 0.902557849493867, 0.097941827345235, 0.419281202504098, 0.357749086677191, -0.712453648805551, -0.603676560158909, 0.573428485416049, 1.480436139007788
53.373257553531104, 51.141572352726598, 50.994156644558686, 0.445346018938683, 0.193779324210732, 0.137036672754098, 0.168801772575898, 0.922766159887916, -0.362374403612358, -0.131100746650417, -0.226254016093033, -0.234068009475731, -0.945526989113395, -0.311948287970109, -0.902162379257004, 0.297978702403142, 0.445346018938683, 1.539975208730156
44.666999135798882, 51.435507380124079, 49.298923698848469, 0.704684862757535, 0.287136784974637, 0.243820311042792, 0.253661546248435, 0.610472986582220, 0.660546725621643, -0.437036332498696, 0.293883882749577, -0.701307507313780, -0.649461348846385, 0.735496428348511, -0.268040675002618, 0.622253324965583, 0.704684862757535, 1.395529031975096
47.633992236471904, 50.309042507982973, 51.440625118539138, 0.418113619813285, 0.127957184039066, 0.179727975933527, 0.161298789710572, -0.423894431523496, -0.904442274991103, -0.047934143700391, -0.649884933337736, 0.266872584848435, 0.711637967562806, 0.630843153520730, -0.332811049493902, 0.700909210233957, 0.418113619813285, 1.648081818591792
53.795233514266300, 49.072271326789625, 50.278345722273507, 0.430273761887341, 0.176004006726849, 0.160500988280623, 0.143107649061327, 0.754147274272881, 0.651569876225331, -0.081966975682223, 0.627185409978190, -0.751616347764903, -0.204233511655258, 0.194680122809888, -0.102613654882064, 0.975484539915662, 0.430273761887341, 1.649888874240499
49.047370718209400, 49.911646483730294, 47.851610114010228, 0.468362958084434, 0.198158202280494, 0.151014156803946, 0.174239424151928, 0.950031603599926, 0.273691587460423, -0.150109517069196, 0.266602637916129, -0.961552871770422, -0.065871907868353, 0.162366824251493, -0.022560801037395, 0.986472515906569, 0.468362958084434, 1.600614319681859
56.401604741613610, 49.745765163182377, 50.534872869688513, 0.819180935635352, 0.284876409418339, 0.319572827364662, 0.306437351477113, 0.280074147069734, -0.947372216557870, -0.155062424324494, -0.605074092077132, -0.299614297561069, 0.737642607089654, 0.745281031048151, 0.112770368409507, 0.657144602632167, 0.819180935635352, 1.226862574664875
52.267220866683630, 49.013352019575123, 49.290461547234834, 0.340761029770117, 0.114915836834004, 0.131007288228988, 0.133383757300318, 0.874386508575636, 0.352177231168879, 0.333795493479364, 0.473135148492743, -0.771440338756339, -0.425467901257257, -0.107663201149045, -0.529953773064904, 0.841164450944411, 0.340761029770117, 1.631416799540478
53.987188539619048, 48.155723244509645, 48.924118578459250, 0.681093283630107, 0.275763697843573, 0.231349718847219, 0.251328792602954, 0.951658778986280, -0.305168338725751, -0.034897756628572, -0.306087018103753, -0.951678338500913, -0.024881265572587, 0.025618464565509, -0.034360225079391, 0.999081112425713, 0.681093283630107, 1.449252561205637
52.902338450150708, 49.652638914469577, 49.927151949997025, 0.315691754848373, 0.125821828527483, 0.108118039683452, 0.117371886413255, 0.885156140295043, 0.243389914480918, -0.396560155369843, 0.211465248236368, 0.548745110217045, 0.808802357069522, -0.414464782685229, 0.799775064341127, -0.434256595081562, 0.315691754848373, 1.744429177421388
45.865749598807767, 48.894115647176115, 49.589416351709410, 0.472597373526797, 0.204129335240721, 0.174215724654773, 0.150629370165232, 0.629708397395950, -0.685070505682500, 0.366259111139844, 0.315050576709375, 0.656180660013599, 0.685689489156140, 0.710077790361109, 0.316394285138090, -0.629034329721234, 0.472597373526797, 1.529186446644401
44.963934911514031, 50.127947704798238, 50.282910627501984, 0.550816415102695, 0.229144979583826, 0.200650962320502, 0.184458023850196, 0.328870005578985, -0.658173458031095, -0.677238671794419, 0.706742616419126, -0.304129119797093, 0.638764708346112, 0.626385978105773, 0.688703984041646, -0.365140286462118, 0.550816415102695, 1.534050341398242
50.578591866651159, 51.014262779461930, 48.477279624181278, 0.415069727793022, 0.164540623667105, 0.153479030678498, 0.143704218060729, 0.461130525662124, -0.846253721515093, 0.266858159186540, -0.228816977704222, 0.177163742624696, 0.957212515073594, 0.857322243393276, 0.502461587707026, 0.111941609163239, 0.415069727793022, 1.598407040575321
53.371715916843314, 49.328763376889512, 49.771708672876919, 0.345774169414752, 0.146218904414359, 0.126873769643745, 0.113091715805431, 0.815559837522326, 0.525850171021900, -0.241544507403491, 0.393911784219831, -0.198714371800852, 0.897410778123676, -0.423905246102601, 0.827039416277139, 0.369202039878794, 0.345774169414752, 1.666688053730370
48.775955872880310, 49.482581297274862, 52.335582013960668, 0.548562067092011, 0.234979798916733, 0.203936000128653, 0.174816095489956, 0.929871935659340, 0.358002645203031, 0.084689369467400, 0.350895532919111, -0.932258772408430, 0.088124379401736, -0.110501168548420, 0.052227265821223, 0.992502798209795, 0.548562067092011, 1.642767670170423
53.455201924342397, 49.409786859616261, 49.224531043175659, 0.383035001962000, 0.167639891733096, 0.127195019374581, 0.133750812879419, 0.963722257645849, 0.237167049403688, -0.122438559266011, 0.081917702959966, -0.699414444871454, -0.710006284653114, 0.254025392549152, -0.674218974059841, 0.693469447746579, 0.383035001962000, 1.642730989029610
51.642441716313996, 48.092853970797321, 48.928986228735177, 0.528714122754642, 0.167483582911941, 0.206008879621892, 0.217386751369464, 0.742347018785213, 0.473248748991355, -0.474295820431537, -0.257766241484888, 0.855126631329328, 0.449794407637656, -0.618447627897028, 0.211646086591446, -0.756788256766095, 0.528714122754642, 1.593376116907303
48.307096900093519, 50.668654972365225, 51.272338256049942, 0.351567464193679, 0.106901391518582, 0.138167618461728, 0.149301757903465, 0.162436532604262, 0.910331287398862, -0.380672195015915, -0.892667856613891, 0.299959039234505, 0.336405518013417, -0.420426534181499, -0.285169286502322, -0.861347785387464, 0.351567464193679, 1.683506480585941
51.506984720224338, 50.211442016811830, 48.865192809398252, 0.306176661005486, 0.128991637477619, 0.115404482427057, 0.097849933813918, 0.415827116869537, -0.872588980403187, -0.256273838217824, -0.886754584555636, -0.451573767311327, 0.098729121569158, 0.201876486113491, -0.186197754968160, 0.961548896520238, 0.306176661005486, 1.710588258312258
47.142065141553836, 49.260920801420845, 52.116934208702432, 0.619455495304880, 0.187201478484488, 0.275858248225579, 0.233595032819340, 0.348098619595049, 0.785118608793942, -0.512265674393167, 0.667421940594141, 0.176172633177363, 0.723540708276255, -0.658312467031859, 0.593760872275042, 0.462679935058360, 0.619455495304880, 1.588236453903141
45.954727042634900, 49.383450851906247, 49.471520550979399, 0.449534842107803, 0.198331640277365, 0.160481527417772, 0.144844344913000, 0.227882745438179, -0.762161202498371, 0.605953592066088, 0.864810138725177, -0.127527182233388, -0.485633855646158, -0.447406837553584, -0.634702386318067, -0.630063490858225, 0.449534842107803, 1.583908151580518
47.082791331942509, 49.384744382916210, 51.771726570156886, 0.484713451825387, 0.215224797478178, 0.160387069653900, 0.167425682877562, 0.986808197859446, -0.157876669029700, -0.035840452194123, -0.151383791648399, -0.978315164900356, 0.141359066748986, 0.057380556493874, 0.134068622362121, 0.989309393584422, 0.484713451825387, 1.556301472563626
56.871401211591618, 49.751479453013779, 52.106070890019410, 2.411871569924184, 0.674134499525858, 1.054587610485434, 1.001525102086811, -0.548683294396180, 0.820798840524411, -0.158858131187354, 0.037795812485333, 0.214173843898360, 0.976064055863330, -0.835175501921081, -0.529545869574661, 0.148536369308285, 2.411871569924184, 1.949592904471937
53.294910622197534, 50.033409334262430, 49.818593439082960, 0.344098346026907, 0.110481295716008, 0.138647367314211, 0.134982010021043, -0.060952154097934, 0.924993816514065, 0.375061694020552, -0.489056992885403, 0.299889452385688, -0.819078490779546, 0.870119585241425, 0.233351142612494, -0.434095786227803, 0.344098346026907, 1.699427240597993
46.671567339091567, 50.876462054422255, 49.279425656074693, 0.399689278077377, 0.164806319848683, 0.135952728934589, 0.144621954163328, -0.445910588475245, 0.894268502798929, 0.038047233636903, 0.565483625616592, 0.314408244789740, -0.762479983191525, 0.693824196929722, 0.318482810383851, 0.645892160693122, 0.399689278077377, 1.555585785565408
42.396336613747309, 50.659342857463088, 48.190155443754975, 1.613916382643801, 0.685821212517106, 0.545214716469366, 0.570549236708524, 0.963971569466726, -0.246275257745668, -0.100535121634987, -0.146965298019309, -0.808105863003815, 0.570408726578544, 0.221720577389544, 0.535082621284942, 0.815184993704425, 1.613916382643801, 1.181358780651536
50.149571799799467, 51.194598799620088, 51.774114859147105, 0.534046586850970, 0.223769524312843, 0.190025823717440, 0.181782633580402, 0.525656909962313, 0.725419112612780, 0.444355627920881, 0.838118851157060, -0.352128690466873, -0.416607941217224, 0.145744997663871, -0.591415671424229, 0.793086312610290, 0.534046586850970, 1.732668133417167
48.231103874146910, 50.721640403119217, 48.821040157330032, 0.375908307448496, 0.130377377264547, 0.141157359205275, 0.146476693412337, 0.163108437069336, -0.983910559985729, -0.072908488568661, -0.692957148677719, -0.061646035595577, -0.718338469241202, -0.702286286248880, -0.167689523357654, 0.691862844719125, 0.375908307448496, 1.696701293402506
45.141920051307373, 52.290797179922741, 49.327432926315026, 1.027775486984786, 0.297831966222779, 0.467045276103735, 0.396089195176675, 0.329194751253233, -0.875740544417863, 0.353142060097670, -0.944164924984474, -0.299911094700402, 0.136403554589567, 0.013542901328153, 0.378327680904148, 0.925572663644138, 1.027775486984786, 1.569034488506974
52.848216571379659, 49.886218449141531, 49.785144404354767, 0.309518135140488, 0.124148457689710, 0.111857074045921, 0.108363254235693, 0.661659803428350, -0.730308513890044, -0.169869888640903, -0.709499845900970, -0.683091744594587, 0.173192485787418, 0.242520665498134, -0.005928153712565, 0.970128127517135, 0.309518135140488, 1.713972662368618
51.328538341240218, 49.547011988292944, 50.287426712451193, 0.270552927688139, 0.085268259248105, 0.117512031714998, 0.100303365124930, 0.978015249576326, -0.207056282882493, 0.024776345877511, -0.056938677718242, -0.150851447779815, 0.986915309275539, 0.200609467812103, 0.966628954884768, 0.159324527309909, 0.270552927688139, 1.941683043115177
49.690361745614879, 50.324608280329628, 48.616292418855728, 0.319735195522173, 0.104676637704850, 0.131549112214320, 0.120465356600838, -0.747271779080717, 0.549817101500339, 0.373210454150611, 0.217121550563920, 0.732816972163204, -0.644854648421079, 0.628047068674203, 0.400849647882245, 0.666990584133256, 0.319735195522173, 1.694568453548175
50.425419917460360, 50.468132153360173, 52.412936634113763, 0.587791907034763, 0.188114297556125, 0.242174459990541, 0.226229472851009, -0.545490801200183, 0.782506358093828, 0.300205904919800, 0.403660292884589, -0.068618619230395, 0.912332095809000, -0.734505380344018, -0.618849969409103, 0.278435920110969, 0.587791907034763, 1.453464464219238
50.579640659701091, 51.317825730293315, 51.707398209364648, 0.475736881128387, 0.201972616468964, 0.167670016568723, 0.161354501660310, -0.587543028392590, 0.721740882445680, -0.365900653721465, 0.770022314152307, 0.359695502186501, -0.526958045212639, 0.248714345172909, 0.591362193848518, 0.767093169173001, 0.475736881128387, 1.565360005962639
52.337153660398975, 49.634932397910170, 48.013173591901392, 0.573717146526581, 0.239129432013241, 0.201303937090235, 0.199084161360140, 0.987653439256217, -0.103821488480153, -0.117310623794827, -0.150769338809889, -0.426636006149909, -0.891768089096758, -0.042535754374348, -0.898444665400279, 0.437021615956906, 0.573717146526581, 1.514039026099667
49.191830664646282, 49.607384629822945, 51.086250945662968, 0.308378369208524, 0.135932786174787, 0.107755262627307, 0.101605574557398, 0.297794825029828, 0.830638925150171, 0.470486150923513, 0.934971554126583, -0.353283025579417, 0.031926428105505, -0.192734104816914, -0.430383642652484, 0.881829623554120, 0.308378369208524, 1.782400017387037
44.857861651853014, 50.640948214432363, 50.649672155239116, 0.530407422490694, 0.160596265057305, 0.210822528623490, 0.223668508666130, 0.176152190995585, 0.946240966483548, 0.271290322267005, 0.713330433286631, 0.067209920355922, -0.697597677427941, 0.678328901458991, -0.316403002441556, 0.663143303887936, 0.530407422490694, 1.374068691784688
54.195686276376605, 51.029931728161571, 49.476318227605205, 0.438327704558038, 0.142209815531378, 0.176666651124119, 0.170114422737902, -0.332875639209743, 0.890316388237907, 0.310693639548209, 0.459117163174683, -0.134771339666154, 0.878093455437986, -0.823653591808557, -0.434940702670602, 0.363897438657194, 0.438327704558038, 1.542466513250475
48.706710987467730, 50.891715204197972, 50.753783189803798, 0.318674039981299, 0.097171642054476, 0.136009299009382, 0.124268322698162, -0.761502514150786, 0.593892403112054, -0.259626143652410, 0.640520971050261, 0.750841456781867, -0.161152078554743, -0.099231076719255, 0.289013702622338, 0.952168195808736, 0.318674039981299, 1.743253662514514
53.921551535243772, 48.867974482947531, 49.384813034643066, 0.452767231675522, 0.187687902744783, 0.151825843431118, 0.165299485552120, 0.278719287451349, 0.901291376643691, -0.331646518435417, 0.820962515543554, -0.402793034357574, -0.404695341640372, 0.498333329083066, 0.159472962789117, 0.852192623333627, 0.452767231675522, 1.508603128554305
50.091639743121853, 51.671104390451767, 49.951458543548874, 0.369852629315225, 0.145680866174511, 0.135817791779966, 0.129764373227882, 0.907492245344911, -0.368018920116771, -0.202533698615658, -0.383754514188142, -0.922415171940779, -0.043390360838411, 0.170851682693135, -0.117099637102555, 0.978313537426205, 0.369852629315225, 1.680089557891419
51.298512864499983, 48.546891115212063, 48.935667872342663, 0.416956505480902, 0.138127194837227, 0.159321451337744, 0.167165764464340, 0.586170884938226, -0.798769740002061, 0.135538172142679, -0.498064791606230, -0.223324908129479, 0.837888685191060, 0.639011077378930, 0.558652743541103, 0.528745643122493, 0.416956505480902, 1.605840211823354
50.078739853584764, 50.978571458999987, 49.849526467325198, 0.283042463667178, 0.119986515023950, 0.108489519334106, 0.088402202377695, 0.637636633626306, 0.768677917723232, -0.050534960793378, 0.746406623174231, -0.632721708202642, -0.206253225067569, 0.190516866285780, -0.093794982668626, 0.977192828917015, 0.283042463667178, 1.776968099894919
54.459197760399157, 51.819053664487811, 49.460121838804469, 0.777979977937756, 0.252128130628441, 0.315799851875421, 0.300123882999829, -0.146724767448645, 0.905116793226409, 0.399043147086481, 0.732778666581958, -0.171525651192039, 0.658494021829746, -0.664460133055030, -0.389027687449992, 0.638083215558757, 0.777979977937756, 1.635416700910395
49.831701579977292, 50.636113650500747, 50.708622943778700, 0.261201781444585, 0.078300511272605, 0.099388979291786, 0.116212835420062, 0.903357203903839, 0.426075883353450, 0.049041857424196, 0.067113511597786, -0.253369797284178, 0.965038611862338, -0.423605404493441, 0.868483210804188, 0.257478880367296, 0.261201781444585, 1.933061953453706
49.998748020762136, 50.539000452297110, 50.492415785460182, 0.249411812080075, 0.077338667083730, 0.101460650922327, 0.100342576476095, 0.260451674189886, 0.944893342936565, 0.198346907931151, 0.864128561884347, -0.319767877064110, 0.388626212875048, -0.430635291107656, -0.070178880527371, 0.899793404499360, 0.249411812080075, 1.867125699326304
50.367593952959908, 50.874062724217957, 49.937779026980415, 0.272269509089707, 0.111046467290736, 0.095551106320166, 0.096535062079384, 0.166509273458097, 0.854904880459317, 0.491337264228245, 0.975504376613368, -0.215469437488909, 0.044318536938592, -0.143756297464218, -0.471922204261521, 0.869841111964896, 0.272269509089707, 1.823219925599757
51.334344087221751, 49.344316635827823, 51.345543966608155, 0.368332086804320, 0.156288314120001, 0.118623757332488, 0.136788315147490, 0.815590229259887, 0.532480382558382, -0.226444739674573, 0.551123401329021, -0.595637078706668, 0.584362444872459, -0.176282654970184, 0.601399295526912, 0.779258181154614, 0.368332086804320, 1.658384616036565
49.557087756455488, 47.782771998357497, 51.489548303930832, 0.807990408753871, 0.331545985660299, 0.304721846126224, 0.264971871959880, 0.985390473382898, 0.164067175907102, 0.045690007179881, 0.112844562450068, -0.428032970832189, -0.896690515510242, 0.127560651031900, -0.888746160425146, 0.440293700429474, 0.807990408753871, 1.737590191116539
51.717840059122373, 49.329335088402232, 48.866576590621548, 0.340286916616061, 0.116938241004585, 0.127092972772784, 0.134550768262537, 0.971439828939463, -0.233991060772626, 0.039406119176684, -0.080138025974101, -0.167213727731104, 0.982658366906445, 0.223344029566586, 0.957751404455649, 0.181189656769338, 0.340286916616061, 1.728804459647720
54.259591916589308, 50.894361608171010, 48.729848273397693, 0.615894517320344, 0.281725712713067, 0.187331248802837, 0.224652275348568, 0.976122704986228, 0.207603157602704, 0.063917085069296, 0.181056502024298, -0.940166546752068, 0.288626761481011, -0.120012532200159, 0.270162531306023, 0.955305814277935, 0.615894517320344, 1.601214480844772
52.186789602155720, 48.766168260043258, 46.605778336170374, 1.402987419093363, 0.675931356938051, 0.505352462158436, 0.410291832549964, 0.993408524054505, -0.104113202801060, 0.047957745342709, -0.106591735473730, -0.992921228115983, 0.052398823320240, -0.042162854084479, 0.057165337042239, 0.997474018697379, 1.402987419093363, 1.482314106803439
49.849752075606396, 50.855503348060481, 48.889739423316911, 0.326901795235814, 0.107607688714249, 0.129387755435989, 0.127333875241941, 0.350735154725742, 0.807334205640657, 0.474548555621107, 0.734486187139823, -0.551516193649511, 0.395423733535508, -0.580960318903379, -0.209860354867050, 0.786411939961977, 0.326901795235814, 1.738305826321314
46.710194758721840, 48.392051916267867, 50.021704017450460, 0.466521682257797, 0.187480517090899, 0.159421846735495, 0.172401104052580, 0.847131342169720, -0.432354301255132, -0.308930813127980, -0.399101258812594, -0.133834997053591, -0.907086753721974, -0.350837105118504, -0.891716295550245, 0.285928966567251, 0.466521682257797, 1.541032869322015
46.232675354775495, 47.253998373258931, 51.609397229092679, 1.296140664071983, 0.374567144868484, 0.566795270452429, 0.520509945251231, 0.329034127909853, 0.811057467359446, -0.483655173973238, 0.638171771427414, 0.186532489115633, 0.746955434184344, -0.696041186154812, 0.554428909008906, 0.456218425791194, 1.296140664071983, 1.454455391265667
52.379021212092283, 50.447497537534140, 50.839686850122497, 0.333797490196114, 0.147873734189491, 0.111223890793562, 0.114759487323767, 0.579556204771013, 0.715962924569040, -0.389245033563648, 0.651716007689614, -0.120429994437613, 0.748841012338979, -0.489265624004518, 0.687672674375173, 0.536400449370772, 0.333797490196114, 1.711907633750070
52.212564540241644, 49.723375964348769, 50.570016304350744, 0.306489575175262, 0.128899030465796, 0.102559924937734, 0.110521888841295, 0.531133340549929, 0.693689647145437, 0.486510069782233, 0.090422817569825, -0.617324560169603, 0.781494786594345, -0.842449457605030, 0.371086325340406, 0.390607028260305, 0.306489575175262, 1.757831700469902
49.149806676631243, 50.003139096991987, 51.074620335939549, 0.293462520468018, 0.118146737479771, 0.101377671487078, 0.107083462757806, -0.462165552556918, 0.820655208178411, -0.336047662273388, 0.886788089337557, 0.429037466901822, -0.171853823360183, -0.003144302594146, 0.377427981586048, 0.926033602023749, 0.293462520468018, 1.842833344855048
47.300340569769546, 49.927763086426616, 50.634453761221806, 0.318776005378670, 0.133934133167788, 0.109527570921831, 0.112065173309558, 0.966946495443382, 0.253473422090126, 0.027671271089034, 0.148094323248071, -0.646636847874688, 0.748283942359038, -0.207563355078535, 0.719452577495285, 0.662801208782795, 0.318776005378670, 1.724828196731749
52.527766389370939, 49.956574189804776, 50.323249397915745, 0.299638804420102, 0.097807050208407, 0.122727561505790, 0.113739266278896, -0.203439976021125, -0.863966725736640, -0.460623135520172, -0.825229544427728, -0.101864859436496, 0.555535551891675, 0.526885542751108, -0.493137959633908, 0.692247482919207, 0.299638804420102, 1.842374298914404
46.931434877587357, 50.790440898044992, 48.485604156285611, 0.458902643191684, 0.197042265816274, 0.147599440238406, 0.168634370658293, -0.623599218415402, -0.771035311085023, -0.128951788865923, -0.697622580012817, 0.474434753636092, 0.536874659858818, 0.352770110196372, -0.424754297920907, 0.833748784556689, 0.458902643191684, 1.573884495951445
49.006968189794762, 48.836571187111325, 50.592613428337735, 0.326095709667263, 0.105029619261233, 0.126076244474250, 0.132898084735262, 0.215800667623834, 0.957310534842361, 0.192319036324906, 0.853001876626907, -0.280682090696044, 0.440006093632205, -0.475202978025268, -0.069094890131838, 0.877159065297502, 0.326095709667263, 1.709960316383186
49.264754733269434, 47.781912409883809, 48.975205445911818, 0.560101670829145, 0.235497400954578, 0.181047472175912, 0.209146471850087, 0.857917267631354, -0.341050009818709, 0.384269245064721, -0.224660956116665, -0.921637864808429, -0.316403383275377, -0.462066463505737, -0.185117630046459, 0.867309660011512, 0.560101670829145, 1.610490570334127
47.401493602977581, 51.347876852999875, 50.401824711286984, 0.392673831794389, 0.168425283718750, 0.133664673636559, 0.136489886700992, 0.782217350199623, 0.453081190366417, -0.427613671417122, -0.622118678243074, 0.604670200545776, -0.497335197581091, -0.033232021120749, -0.655050672473575, -0.754853793303145, 0.392673831794389, 1.674896767158689
52.193880862521105, 50.093143922083577, 49.548277264497308, 0.286065642821460, 0.115224682894005, 0.104331425185719, 0.098824576939759, 0.743924667971949, 0.479746308630043, -0.465209165578962, 0.053870115886864, -0.736932715401254, -0.673816134851096, 0.666088657009832, -0.476207572731873, 0.574066414864740, 0.286065642821460, 1.790269834386661
50.704931578667157, 50.413291780811598, 50.827810011209763, 0.288014175348299, 0.093946283396842, 0.118816633208447, 0.108620867235308, 0.693285987514573, 0.678176237833487, -0.243785828041667, 0.702204547011980, -0.711774665320970, 0.016899703042440, 0.162059599134528, 0.182903844260421, 0.969681839617055, 0.288014175348299, 1.799879166586365
55.704020155544335, 50.361153076203159, 49.309140867128605, 0.617468765389770, 0.248721581421463, 0.231294386393931, 0.207680126892284, 0.556509111242254, -0.827230052115891, -0.077382491435059, -0.712007615223555, -0.426839846713564, -0.557541838000708, -0.428185432923661, -0.365374035932880, 0.826534360385638, 0.617468765389770, 1.248279235655705
51.991895226578663, 49.719392967587488, 51.081913329843374, 0.327399977405082, 0.134683375156182, 0.108919260895454, 0.121407573851599, 0.987118840293000, 0.159921869780904, -0.004625008581906, 0.150190909210436, -0.936240739722104, -0.317641256884477, 0.055127905176466, -0.312855034880994, 0.948199684254570, 0.327399977405082, 1.710719327490090
51.215240819553458, 50.217037357377180, 48.143252100392608, 0.412860630836984, 0.172242082313271, 0.146127977726465, 0.141894739864462, -0.350365534128641, 0.833216260462028, -0.427778746312187, 0.736835331674012, -0.036749235501099, -0.675072727701938, 0.578202115606301, 0.551724711239001, 0.601067514108556, 0.412860630836984, 1.608263867086435
43.555644565307304, 50.134681548612001, 48.640278688141130, 0.989070019958690, 0.461860539767640, 0.292353853102557, 0.363655328311738, 0.964810377273585, 0.174200569681269, -0.196964711123400, 0.210637833019866, -0.063653911435403, 0.975489560610297, -0.157393262898695, 0.982650670931281, 0.098107184815419, 0.989070019958690, 1.188956134656090
48.013425669408555, 49.551797788168088, 47.923752334445204, 0.524544158002942, 0.220771718030152, 0.175827634080643, 0.188687928233538, 0.550482162527428, -0.646013664526678, 0.528805951161613, 0.825576184789563, 0.327104251105658, -0.459811670161725, -0.124069947398374, -0.689687722199996, -0.713398552002418, 0.524544158002942, 1.506331453883407
50.404061787014712, 49.984792080126653, 49.121226860589523, 0.280046458801092, 0.096735993201605, 0.104390341456455, 0.110374910652083, 0.865181994559103, 0.495256909678872, -0.078617489822982, 0.015494514626135, 0.130300348099291, 0.991353488570905, -0.501218551439622, 0.858919328400833, -0.105059749629576, 0.280046458801092, 1.824956124913305
54.984955583554310, 53.106235506206076, 49.910579192747136, 1.807388892930327, 0.875408598615740, 0.533393027532121, 0.641689904547697, 0.963985857100581, -0.262713024899167, -0.041390021241696, -0.253616475994106, -0.954918042831905, 0.154305588292888, 0.080062165936162, 0.138251213457289, 0.987155839552802, 1.807388892930327, 1.671014074791409
48.969746407752226, 48.402913122310345, 48.885008701279922, 0.403901521447604, 0.139267381688262, 0.144875200484457, 0.165733968144042, 0.571378224393940, -0.816449515270796, -0.083289337267805, 0.217409780172098, 0.248444886502491, -0.943932267621085, -0.791365852292066, -0.521234426515408, -0.319460107746187, 0.403901521447604, 1.653863027915381
44.527761343758897, 48.782772261732703, 49.238376764970440, 0.741138768268626, 0.230468096040114, 0.312637119719966, 0.286731734105948, -0.260048700939029, 0.795787928469046, -0.546896924513997, 0.558796948797746, 0.585932288163125, 0.586881013240548, -0.787477392154373, 0.152986687626307, 0.597054796693635, 0.741138768268626, 1.314762569112694
54.520402186848330, 50.386628736071835, 49.482682370391224, 0.453924762913131, 0.177198659900350, 0.159401746044334, 0.168045404698767, -0.792310090508077, -0.609434173350217, -0.028891327972590, -0.092363009735836, 0.166617439032507, -0.981686153229629, -0.603086888359895, 0.775131354909080, 0.188301852686567, 0.453924762913131, 1.509244644774299
48.391002436403255, 48.709643066156637, 50.206715038295570, 0.336449015931367, 0.141636474610627, 0.113008700790828, 0.120753386334584, -0.462598660510697, -0.695856740531605, 0.549350412715273, 0.875489900471863, -0.456199663557335, 0.159371581977282, -0.139713683887714, -0.554675818498432, -0.820252901797743, 0.336449015931367, 1.763473545981354
50.030773450878236, 51.246617247887535, 52.370840489118820, 0.802851530256060, 0.340364900775622, 0.307384273520131, 0.251019712600928, 0.739048872400411, -0.628402849381065, 0.242727466705849, 0.614592716115900, 0.481433384352334, -0.624898143482871, -0.275830668166108, -0.611008801344805, -0.742014613857586, 0.802851530256060, 1.633640748508525
46.912661095102052, 52.627891844584099, 51.280645305985075, 0.964829616495221, 0.412564116011795, 0.351804547885476, 0.314041830283474, 0.898503479132265, -0.438938093153656, -0.004984813521937, -0.269660396658919, -0.560882412502630, 0.782747845617593, 0.346373741009578, 0.701957455779096, 0.622319019326236, 0.964829616495221, 1.607533654159571
51.841943925408280, 49.939968227820543, 49.241343011597770, 0.282565493829696, 0.110801972687028, 0.105195999385358, 0.098228877934274, 0.513068993303954, 0.833864779110443, -0.203542964184862, 0.302488648298102, 0.046268088560773, 0.952029349144090, -0.803281286823522, 0.550026175868044, 0.228495908276539, 0.282565493829696, 1.884081459649199
49.989131548290494, 52.215435933094184, 49.367906616459443, 0.522951327073042, 0.214818647060959, 0.194134511780944, 0.174035403865190, 0.646209237458391, 0.762075118501581, 0.040683352667236, 0.256021590897458, -0.266698856098742, 0.929152659765852, -0.718934326915734, 0.590011215076819, 0.367450948652737, 0.522951327073042, 1.488611604297227
48.268323129202287, 49.963349470112306, 47.931459699546309, 0.478022484981842, 0.207102778790995, 0.153145378134341, 0.174776757172106, 0.892433032068535, -0.375605999604712, 0.249966830467377, -0.350212668169727, -0.925985264077351, -0.141075787309660, -0.284454513633379, -0.038359141968305, 0.957921816173457, 0.478022484981842, 1.517447031673606
54.531574195949830, 50.875964763860573, 49.247892108986655, 0.523779817862549, 0.207869630985893, 0.191021460413831, 0.183654509591496, 0.982140722171911, -0.187661668229298, -0.013516661164451, -0.059656602145084, -0.242471953752510, -0.968322488360125, -0.178439602308851, -0.951835306090733, 0.249336837244362, 0.523779817862549, 1.545969311567666
50.010848902852111, 50.282174182273529, 52.035534612836827, 0.489326637876376, 0.149632177956217, 0.190860099023761, 0.208202027907810, 0.552229897840823, 0.742694780231172, 0.378743453208219, 0.821551208495579, -0.562037954174972, -0.095744189830327, -0.141759485573865, -0.364029945861855, 0.920535956258988, 0.489326637876376, 1.700381658249766
55.431745281750835, 49.230398167051078, 48.964206667145710, 0.629569007655477, 0.262599261503320, 0.210346145210184, 0.229261160011615, 0.916575344321353, 0.376649837811968, 0.134255494704725, 0.115575673330125, 0.071876824483932, -0.990694698601135, 0.382794856178189, -0.923563003686442, -0.022348966535285, 0.629569007655477, 1.343044687834634
48.250366115552040, 47.610155881319763, 50.847553900212851, 0.605721939722273, 0.206625782736646, 0.221480559654224, 0.246449709929101, 0.556753409969928, -0.810610294862595, 0.181484408006953, -0.820571124951157, -0.502716094908087, 0.271918290699165, 0.129184632922222, 0.300312300419315, 0.945052301639232, 0.605721939722273, 1.497212947140908
50.633969082829928, 49.181496513018317, 49.733634170277874, 0.291270406796195, 0.119441679759484, 0.109205275379786, 0.096143092717477, 0.884140214562773, -0.465476252019618, 0.040347735979398, -0.287407834841920, -0.609925377210630, -0.738503737773852, -0.368365060048281, -0.641344597732171, 0.673041075637577, 0.291270406796195, 1.728794055745479
52.177266032573641, 49.879169889137650, 53.504345431518750, 1.545195827853661, 0.735883598547362, 0.436970999463839, 0.582260547122440, 0.990196921464033, 0.122145669187767, -0.067753171304559, 0.077078043232315, -0.073303067272130, 0.994326724764036, -0.116486187913546, 0.989801543657702, 0.081999220717029, 1.545195827853661, 1.818893574583444
46.272179184643129, 50.230401733089586, 49.963546778130258, 0.362377955261934, 0.153902833830123, 0.126225427966160, 0.124314092511506, 0.949020000545257, -0.265293736933299, 0.170235929547925, -0.175343823372530, 0.004493011240459, 0.984497006828917, 0.261945761886279, 0.964157168719893, 0.042253660620801, 0.362377955261934, 1.661817193557325
50.716258611218393, 52.311655896398129, 49.454108736678471, 0.592069779914830, 0.192142567189368, 0.237293004303024, 0.231014203293592, 0.247633416170011, 0.963864224330930, -0.098201060334933, 0.660032978233648, -0.093632735877009, 0.745378681219290, -0.709249010461059, 0.249396607489199, 0.659368768848576, 0.592069779914830, 1.607969242637647
53.195674126934421, 49.209096136532324, 50.470040652277945, 0.362232754747217, 0.151106851583134, 0.124561241189423, 0.128151765611797, 0.767967658918825, -0.470251014807490, 0.434844406572357, 0.593833693882566, 0.268400020597385, -0.758500476567491, -0.239973371157149, -0.840729095497384, -0.485373432647094, 0.362232754747217, 1.669151340764078
