xis_x,xis_y,xis_z,local_bandwidth_mbe_silverman,eigen_value_1_sambe_silverman,eigen_value_2_sambe_silverman,eigen_value_3_sambe_silverman,eigen_vector_1_x_sambe_silverman,eigen_vector_2_x_sambe_silverman,eigen_vector_3_x_sambe_silverman,eigen_vector_1_y_sambe_silverman,eigen_vector_2_y_sambe_silverman,eigen_vector_3_y_sambe_silverman,eigen_vector_1_z_sambe_silverman,eigen_vector_2_z_sambe_silverman,eigen_vector_3_z_sambe_silverman,local_bandwidth_sambe_silverman,scaling_factor_sambe_silverman
49.065342403617883, 50.097281226366412, 48.834850159216643, 1.000000000000000, 0.322730331349723, 0.294708591709057, 0.242661020827702, 0.381281169334761, 0.923553177483073, -0.040916968016172, 0.904298217387610, -0.363407487807447, 0.224008329834118, -0.192014072245521, 0.122411299177810, 0.973727923956838, 1.000000000000000, 3.796283084350588
49.460225492562948, 48.145402057206169, 51.054451726931134, 1.000000000000000, 0.257237204333642, 0.306531764325195, 0.292700413077121, -0.356177893977359, -0.743997313880959, 0.565336452725076, 0.277140785412439, -0.661903050127953, -0.696474936585868, -0.892373404412542, 0.091391187590659, -0.441947234325478, 1.000000000000000, 3.051402158521149
55.830863556947875, 49.283590910349261, 49.252545188559239, 0.951345049061691, 0.224168026786279, 0.280692759753122, 0.315821657818025, 0.352454325042872, 0.896203485395358, -0.269435078495335, -0.262166463403550, 0.370939082777502, 0.890883237206011, -0.898356663149469, 0.243358808415474, -0.365693582308402, 0.951345049061691, 1.410415002002157
55.768826079441155, 52.564326840121666, 51.867558960426571, 1.000000000000000, 0.345146885173860, 0.333570258584405, 0.200466275329499, 0.749069735897804, 0.662182842431850, 0.020209254089893, 0.617261376100434, -0.708682336657852, 0.341698316185147, -0.240588703676195, 0.243481475472042, 0.939592383305317, 1.000000000000000, 0.660645205644964
52.029299884839503, 50.998684589554706, 49.791701244422008, 1.000000000000000, 0.255425555861075, 0.306121765168694, 0.295171243689630, 0.234104198825087, 0.820730529968861, 0.521149327227328, -0.073470764093586, -0.519577442968739, 0.851258672544117, -0.969431416303376, 0.237572468807098, 0.061335561862037, 1.000000000000000, 4.292058130394525
51.318175103793614, 50.288686962260314, 50.635031436892106, 1.000000000000000, 0.324844562206250, 0.275102054391413, 0.258263579762268, 0.815963771671494, -0.570205299506734, -0.095231505994947, -0.374366593382129, -0.646706117753260, 0.664545597397174, 0.440514218929525, 0.506593637617907, 0.741154578509751, 1.000000000000000, 4.543245377023763
53.379907766319519, 48.129503758820057, 48.852531347588901, 1.000000000000000, 0.349909456810728, 0.271112584896991, 0.243291672197480, 0.899003767859741, 0.435697057807259, 0.044275266143599, 0.274332903143202, -0.639069805736044, 0.718561926106245, -0.341370302790110, 0.633843716711456, 0.694052202041314, 1.000000000000000, 1.930719916533163
52.533088929204638, 48.267576199811117, 48.455228903222391, 1.000000000000000, 0.314333359015765, 0.296356173106029, 0.247758264219661, 0.372766840425853, -0.925870371334325, 0.061716595532846, -0.753623400054510, -0.263271420141030, 0.602278947189096, 0.541384016728613, 0.271020690763942, 0.795896432715105, 1.000000000000000, 1.893770694448156
54.629043786220208, 47.760706145442498, 50.267050869349184, 1.000000000000000, 0.311371805579684, 0.278245415394780, 0.266394527486446, 0.394333401290739, 0.849098127242247, 0.351473382975419, 0.720230007252125, -0.048010762629903, -0.692072036225493, 0.570762564715033, -0.526048797152321, 0.630478197667861, 1.000000000000000, 1.472092667282624
51.920394578292779, 47.199349977648041, 49.975673875601068, 1.000000000000000, 0.316636932800748, 0.290141892027602, 0.251223691292368, 0.466671270630561, -0.873332773312973, -0.139670298293976, -0.578658648171944, -0.420928004537975, 0.698551203485827, 0.668858799795500, 0.245172351730674, 0.701796568731263, 1.000000000000000, 2.052523891739226
52.730536724277776, 50.549438065797652, 50.786327962108977, 1.135845510172233, 0.374480813206072, 0.275636706921639, 0.327660262131116, 0.900443442121438, -0.348251194509203, -0.260619863140572, -0.420730204539608, -0.545243236278367, -0.725048900613437, -0.110397928099023, -0.762516176100944, 0.637480492764944, 1.135845510172233, 4.207725635442712
49.873228545018073, 48.344254689905057, 49.654018224300614, 1.000000000000000, 0.305438064816547, 0.279201346808954, 0.270639967656699, 0.634190546578867, -0.678365701558004, -0.370974831463961, -0.484471348943042, 0.025279505045074, -0.874441798336508, -0.602569384123777, -0.734289399061700, 0.312616723388720, 1.000000000000000, 4.031766913021556
48.609212076061716, 50.833950375478778, 48.459202985555372, 1.000000000000000, 0.253328247378077, 0.315971703663986, 0.288337275783635, -0.640158125092122, -0.724604034160625, -0.255238258411012, -0.749548087185106, 0.516253364465988, 0.414318873181872, 0.168449517291345, -0.456542941414819, 0.873609353640755, 1.000000000000000, 2.618735850280417
43.790044924959403, 50.738301778877492, 50.676908035030245, 1.000000000000000, 0.345220630993994, 0.239921361788726, 0.278655064977622, 0.971906685944769, 0.200271257432754, 0.123647956967187, 0.065254285255368, 0.275470049183661, -0.959092347096234, 0.226139939134304, -0.940216823636471, -0.254662624818167, 1.000000000000000, 1.182414171664174
51.826531503426352, 48.189568063051077, 51.211145289682698, 1.000000000000000, 0.329355168144533, 0.307135840978475, 0.228159007795628, 0.947995463764262, -0.318042944101518, -0.012380888078842, -0.257119495965561, -0.742312786238302, -0.618757862318972, -0.187601080691978, -0.589763014349296, 0.785484195530906, 1.000000000000000, 2.421510007254712
47.959465388009448, 51.154209355383614, 49.539280212611445, 1.000000000000000, 0.323290297369048, 0.264280761526935, 0.270130971811218, -0.477183935741184, 0.867289003102437, 0.141793076587451, 0.842766252446129, 0.405889277979734, 0.353551888354451, -0.249079375317310, -0.288207701352118, 0.924605746073897, 1.000000000000000, 4.061342469074094
50.283054767951221, 49.926956903735800, 49.713112807610095, 1.000000000000000, 0.311536281070930, 0.283909002589708, 0.260942492267674, 0.630749458907840, -0.602393507655584, -0.489159669251125, -0.658326275213346, -0.081685723163867, -0.748287349882996, -0.410806080104943, -0.794008504088967, 0.448094699793708, 1.000000000000000, 5.368451712473784
56.770170491894632, 48.779423318109203, 50.943260724969498, 1.000000000000000, 0.348345489503270, 0.299682179207443, 0.221086126931774, 0.354331212581750, 0.916305934326233, 0.186635544601978, 0.935063356125839, -0.344984750601234, -0.081498723200349, 0.010291346900652, -0.203393600123343, 0.979042967191857, 1.000000000000000, 0.809011377229611
45.686625578595262, 52.363438489459341, 49.310550815450064, 1.035303159811895, 0.338732847416641, 0.282963826712852, 0.267206480521428, 0.926088306334343, 0.269135301521772, 0.264436454267508, 0.345085320830741, -0.887565991469585, -0.305192942470426, -0.152566609118547, -0.373888753857878, 0.914839127672550, 1.035303159811895, 1.594109749858806
48.566077987878543, 49.169211759992429, 50.620358298343511, 1.000000000000000, 0.288031926914491, 0.293364442899935, 0.273139491901322, 0.951369348179113, 0.306227504873295, 0.033482511917792, 0.243952287550894, -0.815312528168643, 0.525121664769167, -0.188105408598304, 0.491416520550878, 0.850368248810910, 1.000000000000000, 4.672609418729796
51.161841426185191, 46.093248154940468, 48.977493156364396, 1.000000000000000, 0.332283819430720, 0.284097761285033, 0.244486901178012, 0.782684828333920, 0.525212222005096, -0.334000870286847, -0.620214223685461, 0.612991352609674, -0.489464930678392, 0.052333318585226, -0.590248865718717, -0.805523122128487, 1.000000000000000, 0.918097183242696
52.573771772877009, 51.976446409662600, 51.466578715574180, 1.000000000000000, 0.229516713972014, 0.337108142203040, 0.298297107140916, 0.314677379669081, -0.842842724995269, -0.436571056813378, 0.209359168612557, -0.386979673704835, 0.898006386757443, 0.925822275192415, 0.373982450205686, -0.054683102469518, 1.000000000000000, 1.936459585543937
46.521738450800264, 49.851163545671803, 50.194292938045770, 1.000000000000000, 0.324824834388748, 0.287869282559388, 0.246824377353271, 0.809350625681333, -0.562243171722471, -0.169806303065260, -0.470579361343088, -0.793774947164505, 0.385326352501251, 0.351435099822381, 0.231956782839913, 0.907022282806432, 1.000000000000000, 3.542138875369687
47.106163958798817, 48.644446538621985, 49.889610700973115, 1.000000000000000, 0.245102656740082, 0.285565040227971, 0.329746005959339, 0.712145283788619, 0.665798209671859, -0.222624883549380, 0.513929517232781, -0.710456956342173, -0.480757074312898, 0.478252596537131, -0.227955384193408, 0.848121923265003, 1.000000000000000, 3.616743802930938
57.237361038631249, 48.336357610118860, 49.206882637292331, 1.000000000000000, 0.337739410740098, 0.273291352004290, 0.250048912902901, 0.756614038522617, 0.639204098930017, -0.137671044964292, 0.648783626414864, -0.760098575929963, 0.036468629878563, 0.081332667523408, 0.116911397136064, 0.989806406532722, 1.000000000000000, 0.643768211047230
54.539984247719616, 50.958052838502987, 49.954296039339766, 1.000000000000000, 0.255789119001159, 0.312850433086956, 0.288412297811830, 0.451103123281334, -0.842853556689366, -0.293434582389178, -0.879002434115498, -0.476500489156217, 0.017378281069071, 0.154469068052008, -0.250090315306233, 0.955821186836311, 1.000000000000000, 2.432151749061459
46.945874374137908, 49.865151607099570, 50.382732430012268, 1.000000000000000, 0.236534812567083, 0.329189716588302, 0.296408922847268, 0.322843821373607, -0.898912895036563, -0.296188241052664, 0.175499094585469, -0.250661136761406, 0.952034170771806, 0.930038673819840, 0.359339117901828, -0.076833999928214, 1.000000000000000, 3.643461312356975
45.296696827074641, 47.957638553987749, 51.301428071664759, 1.000000000000000, 0.342602254464226, 0.281208503182542, 0.239559796799680, 0.948544374738586, -0.309129300138661, -0.068575833553568, -0.315669129779330, -0.906197646697329, -0.281351782693095, -0.024830820690130, -0.288521924497955, 0.957151257340161, 1.000000000000000, 1.141336773309351
44.956345353516696, 48.460256441305177, 50.242117960985127, 1.000000000000000, 0.349228016105474, 0.276663784582342, 0.238875280986305, 0.600603781094463, 0.652443529686730, -0.462160728215798, -0.668948044593531, 0.726648907379017, 0.156492424862588, -0.437931058238082, -0.215171573342768, -0.872878904691637, 1.000000000000000, 1.735540259951909
54.554783511067114, 49.333774584218332, 49.556163906844802, 1.000000000000000, 0.344057678728582, 0.281984509328397, 0.237889950024665, 0.936066543759826, -0.349010604605441, -0.044396210722074, -0.310124801340481, -0.878116960295797, 0.364325694447147, 0.166138596500215, 0.327264727573586, 0.930212752459954, 1.000000000000000, 2.269987644679572
48.104288725984496, 50.283932616300113, 50.096321355921198, 1.000000000000000, 0.267338022252344, 0.299781485841793, 0.287983139931418, 0.300106844252806, -0.865816589635198, -0.400371721210548, -0.907003874798437, -0.388990131999177, 0.161340163344045, 0.295431638680156, -0.314719415225273, 0.902037602623649, 1.000000000000000, 5.464009004841931
47.583120477381897, 48.063026928364813, 49.868945988458584, 1.000000000000000, 0.261834698052485, 0.283838095239923, 0.310552277981811, 0.701901433543592, 0.670330097298571, 0.240815153686679, 0.608448299856471, -0.388508178014624, -0.691991374236361, 0.370303988624508, -0.632233308416636, 0.680555655135812, 1.000000000000000, 3.076354043144490
51.055340332044075, 50.656855212119126, 49.529967117299122, 1.000000000000000, 0.244563048150402, 0.325173803522011, 0.290219247476372, -0.462311188016927, -0.885402727321862, -0.048273966953076, -0.153817794907866, 0.026461772953896, 0.987744835745456, 0.873274556714015, -0.464070883619244, 0.148424268813410, 1.000000000000000, 4.889051004837645
51.214285436121493, 50.387708424605222, 50.329622982127738, 1.000000000000000, 0.333720248771822, 0.250416728947264, 0.276176489072897, 0.663092327898290, 0.681482898686873, 0.309660497125101, 0.228854094193559, 0.209308870266784, -0.950692169105483, 0.712695143980421, -0.701263756103921, 0.017169045452423, 1.000000000000000, 5.094493757683233
49.085109086436738, 51.782168550885196, 49.927712992439993, 1.000000000000000, 0.242128169591278, 0.328816719317746, 0.289890104201213, 0.730175487921358, 0.623242737377815, 0.280021869047073, 0.648833762787610, -0.760928251454564, 0.001715926913130, -0.214145990169507, -0.180434715185600, 0.959992087701879, 1.000000000000000, 3.819812257692243
51.761778138199475, 49.124693718470532, 49.184208458006026, 1.000000000000000, 0.266014534078599, 0.301552337024495, 0.287716346641557, 0.855542778784491, 0.511385175652605, -0.080819278594068, 0.094653220870480, -0.001023685211979, 0.995509778880866, -0.509006209636539, 0.859351007558227, 0.049280060471792, 1.000000000000000, 3.891150011664163
47.702893416565743, 50.962651259975992, 50.010349314566298, 1.000000000000000, 0.313540909341685, 0.292292499417872, 0.251837683978492, 0.682758661587749, 0.730283127321489, 0.022960051751936, 0.686958624304514, -0.652322377456926, 0.320255155091365, -0.248854291746308, 0.202884375491287, 0.947053045853797, 1.000000000000000, 4.259360791504744
46.691281361133889, 49.823855153479684, 50.019279384513077, 1.000000000000000, 0.330793529083341, 0.273420301027594, 0.255178945695533, 0.699818638618420, -0.689162382919055, -0.187907112722193, -0.691368135190753, -0.719624583757800, 0.064424840661608, 0.179621754487373, -0.084827285826806, 0.980071608044094, 1.000000000000000, 3.673298699544026
52.357411480493518, 49.900459874131421, 49.608782947825986, 1.000000000000000, 0.245518316583297, 0.289086568242438, 0.325177726226233, 0.985785387999363, -0.167914772944767, -0.005638956805387, -0.106722796604562, -0.651758928416516, 0.750879846522902, 0.129759059382561, 0.739604575605277, 0.660414762291010, 1.000000000000000, 4.780977590738233
48.394189506401467, 50.044003111699723, 51.154184030494022, 1.000000000000000, 0.341707250452762, 0.237639734553381, 0.284223084823462, 0.408279441340634, 0.789587640766207, -0.458103978729540, 0.808458227549839, -0.079715875800833, 0.583130065639114, -0.423914132915560, 0.608437948105278, 0.670894977787051, 1.000000000000000, 3.587379309094533
44.617312185530835, 52.297498958868637, 49.035393575793734, 0.925845583611175, 0.324571636158427, 0.255901891980560, 0.220528243066578, 0.984609260934777, 0.163965637584959, 0.060496883992735, 0.150342081187326, -0.618120018149746, -0.771573004832869, 0.089117124649172, -0.768793153490532, 0.633257629437141, 0.925845583611175, 0.998744755856293
52.489958477243306, 49.140725551788698, 49.925195017319659, 1.000000000000000, 0.259638589456514, 0.300174720750783, 0.296134662811733, -0.581296567121853, 0.790307693410826, 0.193669953240067, 0.161533048346766, 0.345358639321438, -0.924464431191296, 0.797496943783580, 0.506103902357713, 0.328416602311978, 1.000000000000000, 4.283279367094931
54.300057508645978, 50.724686613373301, 50.435546159295654, 1.000000000000000, 0.258322727868623, 0.315684705421578, 0.283019553706994, 0.931078676503349, 0.234796473843994, -0.279218756589165, -0.025217546947238, -0.722111293340495, -0.691317116348265, 0.363945838672098, -0.650711837836491, 0.666421436189383, 1.000000000000000, 2.541208347105564
47.038139919627042, 49.305041096673669, 49.199917523915396, 1.000000000000000, 0.240773323933056, 0.294647189502334, 0.325328364570001, 0.127997988603396, -0.972648107801615, -0.193835428401059, -0.793615055452777, 0.016766057148310, -0.608189150747024, -0.594803882529503, -0.231677702245246, 0.769762160417224, 1.000000000000000, 3.213478297489923
48.218667656663996, 46.515321068320269, 50.589703605574726, 1.000000000000000, 0.335494941857773, 0.247856101093035, 0.277553693285815, 0.923034357592813, 0.341170835852842, -0.177792113061004, 0.248250807291921, -0.175150368218208, 0.952729702062414, -0.293903234725534, 0.923539284100303, 0.246365743035366, 1.000000000000000, 1.378779015549956
55.210324870930130, 47.494453597352049, 48.417314358197210, 1.000000000000000, 0.360946435771459, 0.256253308364352, 0.249528618712319, 0.986367847325957, 0.159116354856824, 0.041957780906943, 0.110156517054112, -0.449050661965493, -0.886689937204014, 0.122245701405264, -0.879224367613540, 0.460456838240573, 1.000000000000000, 0.823708814637428
45.954727042634900, 49.304481930764538, 49.531523955320274, 1.015857922802169, 0.308258160254701, 0.292985896542893, 0.267898461844696, 0.450186456517219, -0.876672901039735, -0.169637198016958, -0.720216035548936, -0.468797384967369, 0.511388183267789, 0.527845637006354, 0.108044603892701, 0.842440114823021, 1.015857922802169, 2.764627393976745
50.729504646207474, 50.676131915650686, 51.588530691097532, 1.000000000000000, 0.253054570883602, 0.294303173057726, 0.309901351645086, -0.252938270242975, -0.734059373771659, -0.630221443005911, 0.586300344364106, -0.634465384935390, 0.503691951015021, 0.769593488567193, 0.242096078234961, -0.590859840620625, 1.000000000000000, 2.610310386199767
47.153201567450708, 50.228477863139418, 48.019434408931062, 1.000000000000000, 0.219709346173563, 0.313694512628147, 0.334870698323209, -0.216551090226306, 0.863486175467383, 0.455518660538192, -0.155696094621817, -0.491164272147512, 0.857039312917044, -0.963776089888783, -0.114670321105833, -0.240803583893954, 1.000000000000000, 1.650622744567723
52.126085819331280, 54.245654414460816, 49.788794016368477, 1.000000000000000, 0.349571437507638, 0.239685461400041, 0.275457733019256, 0.967617800827344, -0.231708677852684, 0.100134310452587, -0.250084444832673, -0.826168236518755, 0.504880001010364, 0.034257290826738, 0.513572909697594, 0.857361828197384, 1.000000000000000, 0.924004666306371
50.337672592719365, 48.864562702283855, 50.067516857174326, 1.000000000000000, 0.259329850729936, 0.309352142986890, 0.287691454756634, -0.852410837654719, 0.516344409293261, -0.082366345313926, 0.517443777875932, 0.855669350488625, 0.009049827172869, -0.075151184862670, 0.034905782128016, 0.996561029635300, 1.000000000000000, 4.944123583358510
50.082529106089510, 53.865965789984052, 49.895020298981045, 1.000000000000000, 0.267465205248821, 0.283744296641574, 0.304115228649621, 0.603538426974535, 0.785687247875960, 0.135782604519884, -0.131750823917651, 0.266226297935988, -0.954864010571306, 0.786373376687006, -0.558407652895623, -0.264192743324789, 1.000000000000000, 1.327796218139512
54.102244947380477, 47.132860021641399, 50.153644460815663, 1.000000000000000, 0.400689455542374, 0.225031046216293, 0.255965980203261, 0.964075838720535, 0.230964655231793, -0.131198724189513, 0.227172212471499, -0.460940009199261, 0.857861931665107, -0.137661044148667, 0.856848665724026, 0.496849877700352, 1.000000000000000, 1.265361138404816
49.864660088919997, 50.137042845828390, 50.850530683523438, 1.000000000000000, 0.304508767374597, 0.280460457203079, 0.270247174674448, 0.296303362963383, -0.701420767546583, 0.648238554816783, 0.502880255637936, 0.691592556334254, 0.518470042058918, 0.811982614091038, -0.172361953102806, -0.557651855135865, 1.000000000000000, 4.642044282074861
47.095753647006269, 50.826306174632052, 49.644048506953190, 1.000000000000000, 0.259412349816702, 0.295912061588727, 0.300662514977948, -0.290513260306317, 0.886752023497544, 0.359545399649621, 0.897240876424112, 0.121875849698440, 0.424387896780734, -0.332506925130720, -0.445889141024196, 0.831036713182287, 1.000000000000000, 3.704185669732169
48.798953554959731, 47.449861882747442, 50.913201924252178, 1.000000000000000, 0.323133742895162, 0.279989180250976, 0.255099167372363, 0.503184523636904, -0.864019230814331, 0.016616376118558, -0.813189683863929, -0.466900469552506, 0.347457176626030, 0.292451488677326, 0.188347339547607, 0.937548615515886, 1.000000000000000, 2.214790768817756
53.445051742073382, 48.422360867836552, 51.402844740100242, 1.000000000000000, 0.251476870702450, 0.282972285446720, 0.324332635659183, 0.861416566327408, -0.505984281383080, -0.044061391829431, -0.101302530112443, -0.256174424606158, 0.961307683091382, 0.497693978916277, 0.823622833080138, 0.271930381126369, 1.000000000000000, 1.701081643997421
50.116726117568646, 51.085241116497293, 48.442001471816603, 1.000000000000000, 0.245253555882046, 0.315131587247020, 0.298624442170432, -0.183245822144682, -0.925103154814417, -0.332573483036354, 0.260037960551911, 0.280638308483425, -0.923916878774040, -0.948051279065917, 0.255785638306717, -0.189136140114742, 1.000000000000000, 2.646118205863104
50.639051502289661, 51.038138205709295, 49.743683106310357, 1.000000000000000, 0.348164131440570, 0.242208771905365, 0.273689859359988, 0.867845083404680, 0.496084482209834, -0.027296478178038, 0.208245981464414, -0.413085485828754, -0.886563022351792, 0.451085936839364, -0.763714978187689, 0.461801807789371, 1.000000000000000, 5.212224601925370
48.568141188790314, 50.807793118441936, 49.905607493588818, 1.000000000000000, 0.320288803901034, 0.282269241819541, 0.255286169498634, 0.657417714222470, -0.659450161718709, -0.364592146426212, -0.498874379716286, -0.743529113939331, 0.445296317060094, 0.564735603879544, 0.110860006015526, 0.817792000925079, 1.000000000000000, 5.209920476931375
45.121034186519509, 49.766480664703607, 49.415906453205082, 1.000000000000000, 0.314668768724132, 0.264415971152173, 0.277390304170763, 0.874580792234338, -0.389426352179361, -0.288886749580237, -0.149837787002098, 0.349570383884829, -0.924850898413862, -0.461147563629119, -0.852142982684766, -0.247376760468800, 1.000000000000000, 2.181863949635237
50.041245462006600, 46.804883859814794, 49.638886865260133, 1.000000000000000, 0.331918301210030, 0.281934542255631, 0.246634095025200, 0.756380049093533, -0.589283732381158, 0.283961096075142, 0.241807816289397, -0.151468558281128, -0.958429056233997, -0.607797829310551, -0.793600629160013, -0.027925616953147, 1.000000000000000, 1.904281124377623
52.453932821764418, 49.516906304564948, 51.431567757449294, 1.000000000000000, 0.307273321811344, 0.281218593992361, 0.267093742382365, 0.638856590081842, -0.764625774809802, 0.084909845162448, -0.766339004124470, -0.622772351794503, 0.157731190947951, 0.067725830127925, 0.165837336980709, 0.983824775860331, 1.000000000000000, 2.661980525975979
48.684576625896185, 49.358856859920984, 49.040744607359414, 1.000000000000000, 0.315819703012608, 0.279223816591663, 0.261722416469552, -0.567776191671927, -0.601306257525358, -0.562193010301064, 0.806787114098752, -0.270851880124845, -0.525103619828548, -0.163477058619033, 0.751711409846681, -0.638909389202870, 1.000000000000000, 3.951497408601906
51.369090090442356, 49.084315558252818, 49.891996163219041, 1.000000000000000, 0.268411523220060, 0.297124546112158, 0.289396259363075, -0.292881288638883, 0.848564769206685, -0.440634069525306, 0.703876700768008, 0.503249926429368, 0.501295423542625, -0.647130698453699, 0.163332005467514, 0.744677457097224, 1.000000000000000, 4.635345553316828
51.636971970410080, 50.261224796074458, 49.744529213812228, 1.000000000000000, 0.315594197338292, 0.258940096387470, 0.282425747222017, 0.707584303869805, 0.584852945872141, 0.396574689840087, 0.475455547777792, 0.021128392130620, -0.879485993710698, 0.522748959831010, -0.810864121015755, 0.263121459111462, 1.000000000000000, 4.892125360566115
52.731937016689912, 49.948287680408860, 49.881829215633410, 1.000000000000000, 0.320995275165227, 0.283445067789962, 0.253667633342121, 0.810842846992403, -0.528778559220926, -0.250852771141754, -0.092037118146847, 0.308077145806210, -0.946898960351696, -0.577981873733492, -0.790874014960753, -0.201134895270265, 1.000000000000000, 4.560881574443795
43.628329945863321, 50.796024405564296, 50.280057860037680, 1.000000000000000, 0.330555490392871, 0.280766365405200, 0.248681309880500, 0.952190021259542, 0.290115350080255, 0.095745741741159, 0.303080567602721, -0.857624095548970, -0.415479337964504, 0.038423078421258, -0.424633953401775, 0.904549430746055, 1.000000000000000, 1.205495041089127
47.870437453561685, 50.030337932123601, 50.323625764609119, 1.000000000000000, 0.251001877476345, 0.312396327280947, 0.294340288933603, -0.608444700324234, 0.778512903038859, -0.153989306282489, 0.645471061013379, 0.372584673986520, -0.666744156408305, 0.461694873310953, 0.505072589349657, 0.729204719846228, 1.000000000000000, 4.895248958469733
50.293252407266557, 52.427509764518575, 50.158433846785535, 1.000000000000000, 0.335109221655486, 0.255483964397528, 0.269576838405787, 0.884192267916250, 0.462729013457921, 0.063920993901672, 0.464569979235616, -0.885375077482493, -0.016902856737534, -0.048772612705671, -0.044641150042643, 0.997811805889634, 1.000000000000000, 2.942520057017170
50.078739853584764, 49.801965694009532, 50.743553515508339, 1.000000000000000, 0.262736257557425, 0.304742621594024, 0.288256688046696, 0.487300979473133, -0.865819456188817, -0.113553620327253, -0.864869741503759, -0.496490620276370, 0.074144414548950, 0.120573984075115, -0.062078444427082, 0.990761414822846, 1.000000000000000, 4.972258096718394
54.665342096177206, 51.062312185615802, 49.714040848514827, 1.000000000000000, 0.322979353990631, 0.250994050270793, 0.284704553303237, 0.850323297820315, 0.345345774270778, -0.397097702558576, 0.183718920211073, -0.901891478907669, -0.390946439592707, 0.493150735110940, -0.259476504653222, 0.830345889369295, 1.000000000000000, 2.318249468363617
52.139048689132814, 50.564301483911876, 50.124769521043213, 1.000000000000000, 0.251012996710127, 0.282684248789259, 0.325263089263333, 0.711842034460012, 0.640554672987828, 0.288046227000610, 0.159816118907668, 0.251635887128183, -0.954535587836568, 0.683914999187122, -0.725512984875300, -0.076754040051391, 1.000000000000000, 4.754082607137860
45.891826627858528, 48.672681663352805, 51.281511340364133, 1.000000000000000, 0.338660028745530, 0.271714099376874, 0.250816720828733, 0.630191545453777, -0.773502942684392, -0.067467130494530, -0.727410748047599, -0.557776236560627, -0.399698978674073, -0.271536774053558, -0.300963232948562, 0.914160222690605, 1.000000000000000, 1.565188577377877
45.854764971515046, 49.805241701580712, 50.897864173203118, 1.000000000000000, 0.249275181594407, 0.319525284948486, 0.289766602762506, -0.688967880114728, 0.645016095788770, 0.330571469343062, 0.694726131202465, 0.457700597486768, 0.554856527117337, -0.206588631813742, -0.611934963238471, 0.763450547168353, 1.000000000000000, 2.502391525906245
53.239793651427604, 51.895152821145693, 48.905759046964910, 1.000000000000000, 0.308021427681254, 0.268311776588788, 0.279262059717496, 0.485552418381046, 0.795865508002213, -0.361713895470850, 0.628093891477898, -0.605387748437432, -0.488880085020863, 0.608059957974925, -0.010186619372296, 0.793825749326196, 1.000000000000000, 1.900767322761862
48.501749716933887, 47.528471429605716, 49.067429770102990, 1.000000000000000, 0.313174221304621, 0.291336819466603, 0.252959631717844, 0.773740361955005, 0.625370392703955, -0.101181639693365, 0.567242457799388, -0.612803891204314, 0.550188499511360, -0.282067095478092, 0.483097570739237, 0.828887743180222, 1.000000000000000, 2.143459587548860
49.966593117978000, 52.328005106085740, 50.500016695857305, 1.000000000000000, 0.310726336052636, 0.268670132879358, 0.276461810030764, 0.646198021482273, 0.600046958645223, 0.471563107603866, 0.690858099265200, -0.197400445623866, -0.695520057760503, 0.324257927755161, -0.775226877428871, 0.542107078721364, 1.000000000000000, 3.013386838539271
46.980322805617291, 46.287681534734439, 51.796918522574927, 1.000000000000000, 0.194267531513269, 0.312123678226972, 0.380632321047700, 0.310328453624472, -0.809591483410196, 0.498254835260756, 0.368019561642960, -0.380947678144907, -0.848198366400294, -0.876503196297177, -0.446587613470955, -0.179726598963952, 1.000000000000000, 0.757111337419393
49.849752075606396, 48.538814907421738, 50.650041973050769, 1.000000000000000, 0.247728007603688, 0.315214183634398, 0.295564139462124, -0.357855491649088, 0.868027666190550, 0.344190961276404, 0.589304371010736, -0.075985227127675, 0.804329909655233, -0.724334042693168, -0.490667113210312, 0.484340767032499, 1.000000000000000, 4.138442511561590
48.907490573252730, 50.413408607684296, 49.883777560462249, 1.000000000000000, 0.322637539040411, 0.253396206122567, 0.282304367153544, -0.880759931197169, 0.452032667603246, -0.141168024060166, 0.377803840198073, 0.490981577012546, -0.784984935757280, 0.285527935461921, 0.744717099611501, 0.603216577704134, 1.000000000000000, 5.312274331511676
52.376124495268925, 50.249599753933609, 50.233458079662320, 1.000000000000000, 0.264230391017696, 0.289414091079814, 0.301807592796494, 0.286602139900543, -0.942583496492476, 0.171451350372193, -0.781153474228910, -0.126301470819920, 0.611430444260693, 0.554669688287123, 0.309167091729931, 0.772500644845506, 1.000000000000000, 4.779924559870902
48.822298226104543, 48.108223032659758, 50.698650234307756, 1.000000000000000, 0.241577483808683, 0.293204699195933, 0.325840618390577, 0.390869273930103, 0.897164163540050, 0.205712601356448, -0.111657905000788, 0.268058136769802, -0.956910313228119, 0.913648577379831, -0.351057401247979, -0.204951160232935, 1.000000000000000, 3.099645444074643
46.232675354775495, 52.118085869726627, 47.913489971144813, 1.000000000000000, 0.200567678488890, 0.322559301277793, 0.356748440972816, -0.299537722052333, 0.738943310022989, 0.603522938785236, 0.371426477879173, -0.492349206346867, 0.787168743370748, -0.878817116696057, -0.459951131732359, 0.126985951270802, 1.000000000000000, 0.963584607209955
43.209019096892575, 50.649553554978915, 49.917656353208649, 1.000000000000000, 0.329292650746692, 0.272504154651477, 0.257203832253091, 0.823521154883302, 0.550966457430268, 0.135088379390730, 0.521187523824941, -0.640806478834126, -0.563675989991977, 0.224001054615597, -0.534605480210360, 0.814874535164863, 1.000000000000000, 1.096664992849472
52.181524610061309, 49.932614032174236, 49.955400607274427, 1.000000000000000, 0.246466188708375, 0.297933520469870, 0.314308324518222, 0.733630298587481, -0.679547021750134, 0.001558917883244, -0.199493049891310, -0.213176049880353, 0.956430078365623, 0.649606887309169, 0.701977077252478, 0.291957317038914, 1.000000000000000, 5.245442926726963
50.780398714816300, 49.879004995781443, 50.250113906883122, 1.000000000000000, 0.250697993345591, 0.312146987177076, 0.294932475446124, 0.605896327935011, 0.681210735632067, -0.410903362671186, 0.558531794599455, -0.732055561035721, -0.390047291976484, 0.566508494390315, -0.006825629369858, 0.824027630948941, 1.000000000000000, 6.190460442931940
45.614784973349828, 47.317406400144975, 50.126568801530773, 1.000000000000000, 0.314112244378409, 0.293987979925888, 0.249929868819912, 0.381974763302137, -0.923569623010617, -0.033383104293983, -0.901993818294278, -0.364698441134576, -0.231089157670627, -0.201252160135453, -0.118381580011573, 0.972359691448991, 1.000000000000000, 1.305321277667040
47.300340569769546, 50.834988107563980, 49.945111815245610, 1.000000000000000, 0.332828080377609, 0.243987097554222, 0.284214205150185, 0.998343538859495, -0.055386938659600, -0.015571301917900, -0.026041396438026, -0.193677032985223, -0.980719660537913, -0.051303256125301, -0.979500634976802, 0.194798567733398, 1.000000000000000, 4.107960591675877
49.468587850054028, 48.457211799153171, 49.079373626983127, 1.000000000000000, 0.337011162279777, 0.278898025962756, 0.245551660522773, 0.310890295170105, -0.948708047730721, 0.057447928944468, -0.900951620288608, -0.274911255067832, 0.335723070009138, 0.302710096079362, 0.156130848995298, 0.940207294017458, 1.000000000000000, 3.796536012971511
50.593559928701460, 51.042977758408718, 50.873273048300703, 0.995853249660921, 0.317559244779626, 0.251684661554127, 0.285191860494393, -0.912508482965267, -0.389936398416654, -0.123603696167530, -0.278477410870709, 0.370842520658339, 0.885960584059198, 0.299630773037704, -0.842867385809665, 0.446985424580276, 0.995853249660921, 4.242441504613379
49.988711548564929, 46.872026637939825, 49.980677208028737, 1.000000000000000, 0.331787181713617, 0.286307653160734, 0.242962943648635, 0.944652246504548, -0.297004522365586, 0.139357263421400, -0.157413267675595, -0.037645749579696, 0.986815008346688, 0.287842311576326, 0.954133696728594, 0.082314594291803, 1.000000000000000, 1.979904485092126
53.182144998026509, 48.510213085204335, 48.010730533838718, 1.000000000000000, 0.378041785389209, 0.294891801059023, 0.207028482006100, 0.772187268874345, -0.527746707687751, -0.353850581903039, -0.511642684621453, -0.846664671979820, 0.146221395474997, 0.376760646912243, -0.068134761656901, 0.923801423029985, 1.000000000000000, 1.433665566950544
51.949488904039939, 50.753076301620702, 49.795039448269705, 1.000000000000000, 0.334674980161533, 0.247695484647411, 0.278414125211704, -0.731743214756651, 0.664152951430988, 0.153142824719638, 0.584772417044616, 0.496333932189437, 0.641633733543655, -0.350132957491007, -0.559064830643889, 0.751567313828722, 1.000000000000000, 4.468800401839341
52.193880862521105, 49.405499446745090, 50.070774075900651, 1.000000000000000, 0.315756652080607, 0.282771220550563, 0.258490678301591, 0.647336998327575, -0.679696880003490, 0.344915876569588, 0.689717220907307, 0.714972173000224, 0.114476840536590, 0.324414805118612, -0.163789325503403, -0.931626583493082, 1.000000000000000, 4.763848641099560
49.886278816447593, 49.727539248398791, 50.276239852019977, 1.000000000000000, 0.260668928878231, 0.284917371067831, 0.310759493851097, 0.819801609639470, 0.487139684816853, 0.301031972237286, 0.050442003377281, 0.462211210162585, -0.885334062089178, 0.570421708149172, -0.740982944929622, -0.354349192457956, 1.000000000000000, 5.825250300766267
46.990202729288335, 50.302467301277403, 50.982326983800299, 1.000000000000000, 0.252261327891155, 0.298149470335136, 0.306865370614629, 0.170135473576434, 0.909802727404057, 0.378566926499215, 0.135410172232901, 0.358938623084307, -0.923486410357076, 0.976072746206336, -0.208379610486441, 0.062128351392425, 1.000000000000000, 2.856941070044555
48.483977834306344, 46.504233260015454, 49.086878462431180, 1.000000000000000, 0.241862906456376, 0.325037920110777, 0.293581918019152, -0.303715916585576, -0.814690815113197, -0.493999511925649, -0.913112682230322, 0.396914282404825, -0.093189494972396, -0.271996087403351, -0.422774086473211, 0.864453700462906, 1.000000000000000, 1.343211929459007
49.464629555308214, 50.673771471864882, 49.660545678535222, 1.000000000000000, 0.311153031514543, 0.276161905447140, 0.268593064362652, 0.659018938267383, 0.698629646345630, -0.278586891744590, 0.730891171873885, -0.507468017834789, 0.456370798530810, -0.177460231831671, 0.504373698879919, 0.845053275241531, 1.000000000000000, 5.082745967135353
51.418368968065792, 49.087050550848666, 49.463729855913215, 1.000000000000000, 0.323113610678878, 0.257317880133773, 0.277592279987970, 0.844487562509235, -0.497764173775182, 0.197665333513798, -0.102465204252075, 0.212094314772955, 0.971862584709676, 0.525682069967001, 0.840979684027445, -0.128107503169440, 1.000000000000000, 4.494534193524657
53.629511666552290, 48.048689875119848, 49.046195579727438, 1.000000000000000, 0.324767252002443, 0.244678428355106, 0.290445524280140, 0.954555147417433, 0.132365572900116, -0.267027761945656, -0.059611911696184, -0.793061611601268, -0.606217535368555, 0.292011798602056, -0.594586104206298, 0.749130478729819, 1.000000000000000, 1.838205366623340
50.704931578667157, 51.089459243415078, 50.314033843647145, 1.000000000000000, 0.322138686236900, 0.261624373959681, 0.273849224833426, 0.695274692546780, 0.702640432507165, 0.151292843552250, 0.498585116318354, -0.623113396604114, 0.602613123619373, -0.517692943442147, 0.343549294248481, 0.783561037017268, 1.000000000000000, 4.842493031591071
52.786225774420828, 51.872443820983150, 51.572330317535226, 1.000000000000000, 0.348311561491147, 0.301293733553012, 0.219925005714130, 0.841168877001690, -0.520940648199415, 0.145106035082243, -0.535950713143937, -0.767342196477842, 0.352055090270068, 0.072053823244994, 0.373907467909019, 0.924662885595418, 1.000000000000000, 1.825167121170485
50.319956883509093, 52.630990857713172, 50.783744493674725, 1.000000000000000, 0.290555089271539, 0.280579565946124, 0.283105349256455, 0.116422234979764, 0.953186339071121, -0.279072868997528, -0.201523620678001, -0.252468024011454, -0.946386880277079, 0.972540021547260, -0.166420250750763, -0.162696670614083, 1.000000000000000, 2.088894033814252
48.967863113451124, 49.094867415121428, 49.692868279841313, 1.000000000000000, 0.321738549446481, 0.287977527407985, 0.249098380077332, 0.514489945955847, -0.829405425598093, -0.217684945503350, -0.591638345138817, -0.159592081539003, -0.790249603651562, -0.620696515272764, -0.535366236793557, 0.572816574855994, 1.000000000000000, 5.018886397757231
52.694721867210845, 49.657422084603255, 49.162223740614792, 1.000000000000000, 0.318826165359911, 0.283116674224560, 0.255689678730334, 0.894931171666375, 0.395716060186631, 0.206172252474042, 0.396266057188598, -0.492442822541510, -0.774902108945094, 0.205113163644006, -0.775183117874559, 0.597511275092132, 1.000000000000000, 3.827758414410976
53.679991921362443, 51.154159923031628, 50.826125708431192, 1.000000000000000, 0.344650008315852, 0.273249759517225, 0.245072465278232, 0.816611289491873, 0.451842397709941, -0.359144051191374, -0.566820775299319, 0.510385436646241, -0.646700019134456, 0.108904593858568, -0.731672846080240, -0.672900167740611, 1.000000000000000, 2.718414815045681
49.327722898811217, 53.408207785033113, 50.447683215742657, 1.000000000000000, 0.333654162393876, 0.277586004991319, 0.249194519980229, 0.912065610545427, 0.346578084033869, 0.219134556215604, 0.408990593801684, -0.730628440971504, -0.546725502812239, 0.029377138086330, -0.588273501792289, 0.808128251484190, 1.000000000000000, 1.630994688382411
50.754890746459672, 47.902736514450474, 49.606266288305612, 1.000000000000000, 0.247074818027787, 0.323063557674634, 0.289145305594795, 0.428917016135169, 0.867137964475085, 0.253183616839061, 0.298500241563414, -0.400580483028252, 0.866275292504314, -0.852600609345481, 0.295984842826212, 0.430656677367083, 1.000000000000000, 3.206606143569245
47.640594754786321, 47.962288722905782, 48.719193285851006, 1.000000000000000, 0.229673331109604, 0.339791040091263, 0.295740027627992, -0.479481487998772, -0.776228529600590, -0.409349206058337, 0.032134895849204, 0.450623568924255, -0.892135498452297, -0.876963426338433, 0.440916850397072, 0.191121636401222, 1.000000000000000, 2.021136805830465
49.275040512106337, 50.274793203593596, 51.178189364481597, 1.000000000000000, 0.251506821030056, 0.316802824919273, 0.289663509255048, -0.625972109398892, -0.714028865865290, -0.313562907509527, -0.493270648458374, 0.051095709607744, 0.868373937787827, 0.604022338679750, -0.698249244303786, 0.384193970807762, 1.000000000000000, 3.700055109546962
48.239292064459995, 48.915635264588055, 48.669805587675505, 1.000000000000000, 0.247344137358597, 0.317766341823087, 0.293645321538965, 0.167142272916521, -0.972937411675267, 0.159550160034181, -0.282285406592498, -0.202276165700400, -0.937762924205502, -0.944657826850129, -0.111701144811404, 0.308454930935809, 1.000000000000000, 2.520894827060388
51.793579633610804, 49.123449692352288, 49.311553861279201, 1.000000000000000, 0.308515766346853, 0.265215514258690, 0.282069619620604, -0.519261181459759, -0.842924659664075, -0.140875276607429, -0.164024600563491, 0.260073356470924, -0.951555452752983, -0.838727462194367, 0.470998797646185, 0.273306378953814, 1.000000000000000, 4.076314223307321
