xis_x,xis_y,xis_z,local_bandwidth_mbe_silverman,eigen_value_1_sambe_silverman,eigen_value_2_sambe_silverman,eigen_value_3_sambe_silverman,eigen_vector_1_x_sambe_silverman,eigen_vector_2_x_sambe_silverman,eigen_vector_3_x_sambe_silverman,eigen_vector_1_y_sambe_silverman,eigen_vector_2_y_sambe_silverman,eigen_vector_3_y_sambe_silverman,eigen_vector_1_z_sambe_silverman,eigen_vector_2_z_sambe_silverman,eigen_vector_3_z_sambe_silverman,local_bandwidth_sambe_silverman,scaling_factor_sambe_silverman
55.292157037902996, 50.744776485022541, 50.910818323796597, 0.977853676967508, 0.205078277822546, 0.278517764900565, 0.306814053372997, 0.677916980179303, -0.533754215969337, 0.505504703162624, 0.221363309007595, 0.803929465543626, 0.551992481702376, 0.701018440135338, 0.262304882466373, -0.663151035002223, 0.977853676967508, 1.404454956065516
51.960855786321083, 51.608897054084807, 49.309337625754154, 1.000000000000000, 0.284954285218868, 0.254394041163402, 0.258549716021003, 0.934844323773902, -0.290132117860339, 0.204669109768890, 0.283747412506143, 0.956985471524855, 0.060549262476276, 0.213432650275877, -0.001470195982215, -0.976956673716900, 1.000000000000000, 3.178624093301012
47.982618656672145, 49.330796161529697, 49.243282118768626, 1.111112495358753, 0.341243415852454, 0.258608255708473, 0.291335643071820, -0.841263915191687, 0.524721375488449, -0.130163370814773, 0.401817393345762, 0.445797436748097, -0.799879633315941, 0.361687444351019, 0.725211778375349, 0.585875472352694, 1.111112495358753, 3.934652419905034
50.155836187388417, 51.356990439775792, 50.120032123491981, 1.000000000000000, 0.293481705109490, 0.242522753966234, 0.263325348105069, -0.572665353438361, -0.737970641414126, 0.357006618120925, -0.390509344323753, 0.628467956331165, 0.672703857474270, 0.720802916869202, -0.245819771938209, 0.648086255645881, 1.000000000000000, 4.792534661935534
49.065342403617883, 50.104535480784264, 48.915705896584967, 1.000000000000000, 0.285713177336132, 0.265292056559938, 0.247270139886231, 0.364279793836380, 0.927609862533801, 0.082705348875074, 0.855130059943912, -0.368341586416754, 0.364797281097748, -0.368853375181582, 0.062164448409135, 0.927406474514354, 1.000000000000000, 3.577095154730988
55.768826079441155, 52.755548517762811, 51.737959443232633, 1.000000000000000, 0.177385460742734, 0.331208041137609, 0.319012205304174, -0.062637906946021, -0.818719784003657, 0.570766509086182, -0.282995342841897, -0.533847366987870, -0.796819066469870, -0.957073732030724, 0.211435342459872, 0.198254804268794, 1.000000000000000, 0.623563305859576
52.029299884839503, 51.073156431311020, 49.806156165914196, 1.000000000000000, 0.242680737669659, 0.283595862599529, 0.272327183737241, 0.214640168030126, 0.975259405372245, 0.052902651171512, 0.096056753711845, -0.074981119858043, 0.992547697459007, -0.971958177255761, 0.207958947626230, 0.109774212672420, 1.000000000000000, 3.987098239822316
52.533088929204638, 48.138389475141551, 48.562428511138272, 1.000000000000000, 0.299687007025358, 0.277511732224309, 0.225360049349843, 0.483895840590279, -0.873604377241226, -0.051577199656404, -0.791905775322187, -0.462203054483758, 0.399065883579703, 0.372464841925775, 0.152262038902851, 0.915470487256883, 1.000000000000000, 1.773669750377479
48.600742709792172, 48.242187450163385, 49.618405763032385, 1.000000000000000, 0.289533228077886, 0.254952770441918, 0.253903123645225, 0.180517863044085, 0.923601604269167, 0.338191332995715, 0.974067174759573, -0.215558364728717, 0.068758493667218, -0.136405425764155, -0.317008939916373, 0.938562140635982, 1.000000000000000, 3.514876935846803
48.609212076061716, 50.896137998122448, 48.566126811467825, 1.000000000000000, 0.299514955400448, 0.242608784567545, 0.257929583740811, -0.745051460995517, 0.648346244944476, -0.156669930538195, 0.604783888680307, 0.755710471666566, 0.251273020848285, -0.281309026625828, -0.092459881461609, 0.955152554233581, 1.000000000000000, 2.498775912998740
50.189785982600995, 50.291291489423649, 50.216068800479334, 1.000000000000000, 0.232133760210365, 0.287596878081307, 0.280739626690795, -0.110109045030122, -0.887429991379726, 0.447598043564016, 0.166612307331586, 0.427483746112935, 0.888536991832584, 0.979855263418124, -0.172411302439927, -0.100786931408631, 1.000000000000000, 5.863519480415862
48.479550937103937, 48.890134516534324, 49.951080618661699, 1.000000000000000, 0.293563726102066, 0.277937036747509, 0.229708664819571, 0.778594619782942, -0.627294884127714, 0.017074729639252, -0.625873301342635, -0.774280825478410, 0.093657962624344, 0.045530525052175, 0.083608203207998, 0.995458004962943, 1.000000000000000, 4.646365198584361
52.069454493604368, 52.423008854073871, 49.415498665055964, 1.105311899263808, 0.305705966414882, 0.283154514819632, 0.292383811075037, -0.532699905802453, 0.613829444273962, 0.582618420323608, 0.497070291066891, 0.784102001687856, -0.371625048520378, 0.684946666607506, -0.091637679430551, 0.722807442969322, 1.105311899263808, 2.569570611369460
46.527934222427440, 49.418758627284994, 49.853274308637822, 1.000000000000000, 0.325418923911880, 0.261664516187468, 0.220109381980774, 0.460473886254338, -0.878382338781192, -0.128094757875219, -0.802969590191941, -0.350656810622333, -0.481953979536594, -0.378422564476292, -0.324783417189760, 0.866782610931789, 1.000000000000000, 3.080557460953815
49.158933514446474, 49.321228831011858, 50.145829369156495, 1.000000000000000, 0.296452707394084, 0.240764128996149, 0.262590486744149, -0.839887384731887, 0.515973822915170, -0.168404854545634, 0.274934756961709, 0.136924700858405, -0.951663021089525, 0.467974422786799, 0.845590113684603, 0.256860466510948, 1.000000000000000, 4.906410016528828
51.735564493186637, 50.650780273369108, 49.288883951359317, 1.000000000000000, 0.329784209483015, 0.257290759494027, 0.220888011556129, 0.811914479403681, 0.443703730512593, -0.379370370039434, -0.479469800684811, 0.877558349687971, 0.000230486862279, -0.333021903732948, -0.181709500087734, -0.925244869865242, 1.000000000000000, 4.117762577922895
51.481510328842866, 51.197343134236455, 48.538370224106210, 1.000000000000000, 0.186737957165089, 0.333815524326254, 0.300667895884521, -0.125417361699010, -0.905673846908661, 0.405000454827061, -0.106429907389955, 0.418150245552403, 0.902121414753818, 0.986378811713545, -0.070037526870469, 0.148834084242969, 1.000000000000000, 2.116950692711852
49.444838986971973, 48.496796785955517, 48.653847779726519, 1.000000000000000, 0.320599364830030, 0.257711860059563, 0.226844956911460, 0.779538080346294, -0.446766444913708, -0.438999003403403, -0.194362354861356, 0.493741394925674, -0.847609998731491, -0.595435686117958, -0.746069151376745, -0.298055640881397, 1.000000000000000, 2.690628452695173
47.106163958798817, 48.543363009423864, 49.897271181932702, 1.000000000000000, 0.226047014475772, 0.271184249197275, 0.305747528383882, 0.542739511646411, 0.831732149860612, -0.116856550462781, 0.679957551164220, -0.516784992557421, -0.520183621505122, 0.493043153397928, -0.202866710811981, 0.846022190330582, 1.000000000000000, 3.391384483133537
43.134139879956415, 50.468065237214979, 48.123522194243861, 1.000000000000000, 0.176067688223157, 0.357020499653131, 0.298162743879176, -0.192145977201582, -0.850538010821720, -0.489555937143735, -0.101864540842447, 0.513442374603008, -0.852056654971359, -0.976065335294829, 0.113850867846743, 0.185295550746198, 1.000000000000000, 0.610385030852195
55.216618032363534, 51.850776504844156, 51.227595186907010, 1.000000000000000, 0.308850255120726, 0.279843471464021, 0.216851808193457, 0.977372665489358, 0.210168885124651, -0.023910509816570, 0.195923699092248, -0.856877679704362, 0.476838071213363, -0.079728143639730, 0.470733132199053, 0.878665887218704, 1.000000000000000, 1.079083487998594
49.897273158404140, 52.040531403675701, 49.782037637190285, 1.000000000000000, 0.252905417560076, 0.257788395671403, 0.287478053441523, 0.880343326718787, 0.474312509244726, 0.004823968871307, 0.087125718257835, -0.171689045074938, 0.981290976733870, -0.466266808082836, 0.863452671184256, 0.192470123149065, 1.000000000000000, 3.804980887328933
55.228006341966896, 49.585684143291523, 49.150284042945160, 1.000000000000000, 0.228292538018965, 0.276211268579958, 0.297230302157962, 0.453448024674443, -0.872489010481854, -0.182065415461698, -0.059165253888007, 0.174356760622387, -0.982903450374265, -0.889316794877513, -0.456467574547922, -0.027440694873201, 1.000000000000000, 1.571091171721536
54.554783511067114, 49.284094200384381, 49.586963975064883, 1.000000000000000, 0.324536467992760, 0.257972777278214, 0.223866344264183, 0.956423297327165, -0.241526568621569, -0.164071304559094, -0.181512297525036, -0.931965209845240, 0.313837750255287, 0.228708902706071, 0.270380776476450, 0.935193281378228, 1.000000000000000, 2.134433962757952
47.812866023615911, 50.365834544421375, 50.330139233015011, 1.000000000000000, 0.280365665001279, 0.254167417670510, 0.263015588180253, -0.809443764338553, 0.559413019189986, 0.178487720401651, 0.524561979121782, 0.825488220254174, -0.208336094523813, 0.263885434295400, 0.075008480736122, 0.961633092912462, 1.000000000000000, 4.491631909786775
48.588087025535629, 49.596211352073688, 50.414485123493982, 1.000000000000000, 0.287101600412699, 0.258506927668916, 0.252533147831744, -0.364791747230879, 0.839991641021199, 0.401672782457008, 0.915659906352591, 0.401857708320425, -0.008793074651119, 0.168801413058678, -0.364588021303456, 0.915741042910835, 1.000000000000000, 5.000665124250251
48.862557311360234, 46.757109712064143, 48.787195960433479, 1.000000000000000, 0.298193762000237, 0.268010838437692, 0.234517513223146, 0.864592749520929, 0.489820298483740, 0.112051116322594, 0.484036311935860, -0.871748932157099, 0.075912107140348, -0.134863731979247, 0.011396248341316, 0.990798616935032, 1.000000000000000, 1.298745500180192
48.839387459448062, 49.050238193864843, 50.171161958745849, 1.000000000000000, 0.226180138254662, 0.276777639417225, 0.299392368249609, 0.229658732916146, -0.790246579104399, 0.568126051690244, 0.905269921861399, -0.040918403843508, -0.422861741944050, -0.357411856222491, -0.611421318274637, -0.705989190137426, 1.000000000000000, 4.729476650167989
51.761778138199475, 49.059422188732157, 49.240820427006014, 1.000000000000000, 0.307099020837067, 0.255440123671664, 0.238923376870535, -0.368286681289886, -0.658651280133901, -0.656158069037070, -0.051295391887148, 0.719084997551611, -0.693026369676755, -0.928296129021136, 0.221574496443459, 0.298615202845069, 1.000000000000000, 3.690716593909744
55.088544718484485, 49.972346698126032, 50.764404356290605, 1.000000000000000, 0.284721980214186, 0.251877968690823, 0.261345492524034, 0.491592760964265, 0.780612698266542, -0.385979756817064, 0.178579963613746, -0.524181974828222, -0.832671876468095, 0.852317871432509, -0.340407215802213, 0.397085851506374, 1.000000000000000, 1.698208525972604
54.468067886223437, 50.970255602427031, 50.569462418972321, 1.000000000000000, 0.224826236348121, 0.307119922576543, 0.271438353240015, 0.631452050283612, 0.760165936942261, -0.153023058737295, 0.047091585850415, -0.234573646350344, -0.970957046928440, 0.773983650172739, -0.605906719512664, 0.183919429410505, 1.000000000000000, 2.168576709999180
47.996861838288325, 53.130409087883038, 49.206579467821314, 1.000000000000000, 0.302960187459726, 0.265812272895369, 0.232737091134667, 0.841978112837989, 0.533299671762536, -0.081635271787079, 0.466154810129761, -0.795295636320836, -0.387562309625077, 0.271611027932714, -0.288264307445457, 0.918221726250433, 1.000000000000000, 1.680302227645899
50.068879266823856, 49.979255678924631, 50.010700932093407, 1.000000000000000, 0.221678549674675, 0.313268423156641, 0.269889444448807, -0.414394736764321, 0.785152022523446, 0.460231793414329, -0.231897342660388, 0.397909763773393, -0.887632492848731, 0.880057171216211, 0.474556763118116, -0.017182955792788, 1.000000000000000, 5.691564508750902
48.689754987625975, 46.942097029008615, 49.622107613256283, 1.000000000000000, 0.271608825694298, 0.292165275581676, 0.236185763408130, 0.969292680356381, 0.244797206201494, -0.023367234399607, 0.244554306435738, -0.949623458847528, 0.195980809290587, -0.025785480629188, 0.195677321737603, 0.980329278735630, 1.000000000000000, 2.120279788686877
48.405182275965636, 50.680921319464083, 51.207762499711102, 1.000000000000000, 0.289749790876565, 0.262828622704655, 0.246110646585912, 0.713366901294012, 0.565576367034600, -0.413800721592075, -0.698526765935725, 0.526440935931704, -0.484685772688583, 0.056285179306420, -0.634809667559730, -0.770615769734275, 1.000000000000000, 3.120200833703747
53.046995844626302, 51.304784957039381, 49.611493549631923, 1.000000000000000, 0.247357696109611, 0.267269653167188, 0.283498727916601, 0.669520032526528, -0.621378571167255, 0.406978620249047, 0.254407180916464, -0.322935821218366, -0.911586222840252, -0.697868119592674, -0.713863521037573, 0.058128830953539, 1.000000000000000, 2.825040658818704
49.379165868328130, 48.737922138514485, 50.701668122891697, 1.000000000000000, 0.282702522342726, 0.296050487655611, 0.223939512088517, 0.970790777492432, 0.239132218588251, 0.019520460258413, 0.239613884307397, -0.970466546815394, -0.027926116080231, -0.012265919564411, -0.031787789247858, 0.999419373272288, 1.000000000000000, 3.731703563645228
47.840178403574313, 48.336870638474316, 49.854803408901908, 1.000000000000000, 0.317759843173041, 0.235853838254646, 0.250083034869195, 0.806266917842400, 0.583532448136218, -0.097074915220510, 0.557159063070349, -0.804234986565284, -0.206832939404993, 0.198764774624398, -0.112676387750455, 0.973548455913737, 1.000000000000000, 3.467797849196309
53.147279563760030, 55.901849064228038, 50.176349283500173, 1.000000000000000, 0.480555163386441, 0.218121492081950, 0.178806986543927, 0.975683034157907, -0.137667742609197, -0.170558522218352, -0.216696821864789, -0.488907170833826, -0.844992464878216, -0.032940920602193, -0.861404301679619, 0.506850594157419, 1.000000000000000, 0.439282539812661
50.262594412765011, 51.747204807953743, 50.564981071902672, 1.000000000000000, 0.316610414696880, 0.226093603894340, 0.261825968541598, 0.850781888193533, 0.494410589210325, -0.178124529468982, 0.250043222447589, -0.678965534329450, -0.690278342482762, 0.462221338354118, -0.542737480251201, 0.701275596253502, 1.000000000000000, 3.886493985649665
47.038139919627042, 49.253218058632463, 49.255439360073233, 1.000000000000000, 0.274710762899347, 0.301309608489265, 0.226431860861878, 0.997665417929164, 0.067657086734986, 0.009286144666210, 0.036550569868410, -0.643868847360313, 0.764262365448670, -0.057686824410101, 0.762138718353448, 0.644838587769096, 1.000000000000000, 3.022651138050253
49.729268451002746, 51.361770705399820, 49.939056199875843, 1.000000000000000, 0.285787794212870, 0.254397381569272, 0.257792262702198, -0.526828083079498, 0.788213789542735, 0.318074193944531, 0.077096068172179, -0.328361247057059, 0.941400598950056, -0.846468172556519, -0.520478542694908, -0.112221742291825, 1.000000000000000, 4.762124206001762
50.141198283975484, 51.534673910268388, 50.494317168948037, 1.000000000000000, 0.227946650685659, 0.276726335284718, 0.297127250919249, 0.430947254267138, -0.880196886563511, -0.198841406461320, -0.566687141401209, -0.092497399927161, -0.818724565881127, -0.702246500746099, -0.465507971887288, 0.538657758042380, 1.000000000000000, 4.395330471661475
49.421474514368107, 49.937985826965004, 48.575426826989542, 1.000000000000000, 0.298889564549694, 0.276088867674801, 0.227125838654729, 0.443204163248996, -0.889701409287727, -0.109551229980269, -0.866051977462553, -0.393439371504729, -0.308479226663914, -0.231352635627865, -0.231596336891144, 0.944901632301820, 1.000000000000000, 2.626331124494273
54.193688783260207, 50.102685461683457, 50.278229873426341, 1.000000000000000, 0.298219636074514, 0.242210044056168, 0.259476366192550, -0.617122838522212, 0.670121130713880, 0.412428263271369, 0.601042065296603, 0.063164701602391, 0.796717425575388, -0.507846273904103, -0.739559254314508, 0.441751368350442, 1.000000000000000, 2.681167583027080
49.608680798650020, 53.390966085880741, 49.929599304477051, 1.000000000000000, 0.292356969800150, 0.268414962582247, 0.238839425770745, 0.734401754778619, -0.636773537122147, 0.234890453188362, -0.219263548400593, -0.550116454906747, -0.805788671044471, -0.642322005633363, -0.540269699744287, 0.543627715093107, 1.000000000000000, 1.891559934154980
53.371715916843314, 49.677147309010387, 49.525364032017812, 1.000000000000000, 0.321944916761772, 0.271455323717712, 0.214459977522375, 0.774574297902670, -0.591646151211558, -0.223583292723622, -0.623948775521893, -0.772661725968824, -0.116969152974654, 0.103549903685696, -0.230105821263670, 0.967640805499259, 1.000000000000000, 3.346379011607121
51.642441716313996, 48.485357799188932, 48.651444110037787, 1.000000000000000, 0.216445353555662, 0.282581135697003, 0.306432453448153, 0.708002595517334, -0.703516807474620, 0.061615147013027, -0.057951213444669, -0.144830177676880, -0.987758005026724, -0.703828090943384, -0.695764558765967, 0.143309794376342, 1.000000000000000, 2.483738589227919
53.926006257056535, 49.951983472661091, 51.065786543157522, 1.000000000000000, 0.234707862412873, 0.252815683658223, 0.315859934783717, 0.811134925061067, -0.579503193751731, -0.078969499034253, 0.155631061960398, 0.344021415974732, -0.925974210172086, -0.563772211003040, -0.738799914579235, -0.369236482919091, 1.000000000000000, 2.324819742451207
51.039483326020282, 51.440875250445671, 49.279284720486672, 1.000000000000000, 0.221695979931941, 0.278152583408797, 0.303938192138096, 0.477953750086870, 0.802891682275041, 0.356265574131788, 0.498984403154262, 0.085617679728469, -0.862371253188961, 0.722893338042814, -0.589944539301338, 0.359709135777574, 1.000000000000000, 3.265252620382564
47.531515027117152, 47.226303577323584, 51.392314816042443, 1.000000000000000, 0.316245865030227, 0.258570054456592, 0.229204483772358, 0.953418609550389, 0.286791204236870, -0.093508075241501, 0.228945250667790, -0.889815351847720, -0.394731189308346, 0.196410354003211, -0.354935831930907, 0.914025999658570, 1.000000000000000, 1.289842212240246
47.082791331942509, 52.505599744332635, 49.564948580996941, 1.000000000000000, 0.311768430740567, 0.227413444902951, 0.264349149708647, -0.861856367883282, 0.453617664969123, -0.226792008604796, 0.223813623575705, -0.061084454919174, -0.972715863584603, 0.455094564943320, 0.889100502415327, 0.048879786863920, 1.000000000000000, 2.125364913653295
52.306311933198423, 49.215820999923778, 49.563257148389880, 1.076908802579223, 0.323622873022015, 0.288615605046737, 0.250613207123328, 0.589293178989949, -0.807916757802770, 0.002015355398222, -0.648665377324552, -0.471645474654255, 0.597313799019041, 0.481629294640927, 0.353300238748325, 0.802005089662191, 1.076908802579223, 4.154856052913457
52.262286990968725, 48.836692946313875, 49.636698662019128, 1.000000000000000, 0.295797290112039, 0.266159512185208, 0.238061962233040, 0.656747287806038, 0.623045580596716, -0.424849625701040, -0.452517784563589, 0.776273210059338, 0.438893561125965, -0.603250076347343, 0.095990144510106, -0.791754531116718, 1.000000000000000, 3.964491642178823
46.388794423400661, 50.776205420637226, 50.640145765113139, 1.116015972834227, 0.326859949305032, 0.266443690191560, 0.299137096651122, -0.872391105469626, -0.488658560788429, 0.012106612476849, -0.464607634903572, 0.836641368138313, 0.290122330593425, 0.151899653346520, -0.247475316118259, 0.956912986235099, 1.116015972834227, 2.861214359325232
48.708614264342621, 52.139236078226439, 50.276868303443095, 1.000000000000000, 0.290285559918907, 0.270592620455065, 0.238607895736886, 0.459650981096943, -0.887345182863146, 0.036599207999460, -0.709123350793920, -0.341896867795739, 0.616644634412938, 0.534663491305906, 0.309394664209053, 0.786390420099041, 1.000000000000000, 3.288104610416478
52.272404990184214, 49.981282796826541, 51.152095270205024, 1.000000000000000, 0.330518003615839, 0.242018679538192, 0.234305338514518, -0.301462629651108, 0.917315028779556, -0.260102712210005, 0.935484232139749, 0.231808783795523, -0.266709465848409, 0.184362507961195, 0.323724922936747, 0.928015430867319, 1.000000000000000, 3.023407386502251
46.649151338759829, 49.934305365230131, 50.224465581136847, 1.000000000000000, 0.309231025842148, 0.273243472326719, 0.221816237814071, 0.784723252926742, -0.608682771328551, -0.117109778429756, -0.469999409040075, -0.707478815494527, 0.527801365220327, 0.404116285019612, 0.359136477560071, 0.841255620288918, 1.000000000000000, 3.313979673124773
48.392256315001518, 50.801755422682682, 49.860510156394589, 1.000000000000000, 0.225639289007125, 0.285022192666114, 0.291429017710337, -0.350197593233999, 0.696344893328465, 0.626470618008924, 0.488002784766305, 0.706518851106126, -0.512527457890806, 0.799509179280292, -0.126233523942923, 0.587239448333901, 1.000000000000000, 5.002748501098340
48.798953554959731, 47.259698257203304, 50.849830148050465, 1.000000000000000, 0.306637070642422, 0.267243931837598, 0.228714491019994, 0.526779591243406, -0.841296655122705, -0.121339195352443, -0.813164384504008, -0.540358201703643, 0.216279212190685, 0.247521607185410, 0.015262762887274, 0.968762149366602, 1.000000000000000, 2.050483243987485
47.828213887824191, 47.916137050698140, 49.258517028338794, 1.078297288154088, 0.255583537821753, 0.315289343580239, 0.291608085118709, 0.582368704709537, 0.693385535047843, -0.424338534146208, -0.206591305568587, -0.378616298463006, -0.902202710593156, 0.786235794299905, -0.613079275725895, 0.077246860369913, 1.078297288154088, 2.714538758754068
49.241867983875181, 48.382864583989438, 50.610840422219340, 1.000000000000000, 0.316408207498573, 0.252145364658622, 0.234924041054908, 0.990914126899354, -0.129242087974669, -0.037224666650487, -0.103997004663038, -0.911783985262737, 0.397284013319839, 0.085286670309070, 0.389803087358669, 0.916940421703200, 1.000000000000000, 3.595516085817577
52.972727521054537, 49.652495186622367, 48.432380056860268, 1.000000000000000, 0.320519394867206, 0.261159647324217, 0.223906037501265, 0.628744877138337, -0.703447014763894, -0.331424466344993, -0.775771535655287, -0.538128865070868, -0.329538842998179, -0.053464043424867, -0.464305526563389, 0.884059938049088, 1.000000000000000, 2.028074221263843
53.445051742073382, 48.304716425308975, 51.305494131703107, 1.000000000000000, 0.230315206054463, 0.260516904863898, 0.312368814812533, 0.711970201243937, -0.684908875276134, 0.154913734409344, -0.127685134068429, 0.090660917502745, 0.987662444651759, 0.690503395414240, 0.722966410426890, 0.022904809884901, 1.000000000000000, 1.606781186502829
52.802539245499176, 47.410116869652512, 50.808701525217685, 1.000000000000000, 0.220730451346614, 0.296237370533512, 0.286631618733013, 0.344434764837314, 0.807364775412095, 0.479089565942781, 0.411619917315481, -0.588522014199115, 0.695852629852193, -0.843761658550956, 0.042473029404490, 0.535034863660813, 1.000000000000000, 1.825562938425876
51.005316860587996, 45.463181525909967, 51.037554212593925, 1.000000000000000, 0.333321853770274, 0.299355366343700, 0.187834496689335, 0.924383592440145, -0.373474063902140, 0.077666579813144, -0.305582737139539, -0.846860432554892, -0.435254636431652, -0.228329071275995, -0.378608678407352, 0.896951115638349, 1.000000000000000, 0.880799681544789
51.826887024963575, 47.037981748182084, 50.002998610279079, 1.000000000000000, 0.283145572509300, 0.266361254581897, 0.248510855833941, 0.729966755478933, 0.673009931516508, 0.119189630319528, 0.624724139205008, -0.727727325353842, 0.283077179984371, -0.277251304397511, 0.132176291419788, 0.951662304704978, 1.000000000000000, 1.973967115418728
46.827579056595411, 48.965195255490798, 50.024882868841551, 1.000000000000000, 0.236949832546347, 0.270577670751680, 0.292332992193880, 0.990951032496895, -0.131499820454287, -0.026904431118818, -0.130853744508848, -0.901828653392095, -0.411803809439656, -0.029888940117542, -0.411597955706160, 0.910875279122867, 1.000000000000000, 3.504665371532927
50.550350760744728, 49.123849487610585, 50.253865645642371, 1.000000000000000, 0.237463646840752, 0.265861437818663, 0.296875056413481, 0.819764112779432, -0.502507714655997, -0.274723126274722, 0.000046231782346, 0.479755102458546, -0.877402438751804, -0.572701315924429, -0.719250330814103, -0.393309247745627, 1.000000000000000, 4.950915906615769
47.231530055009515, 47.298754682762976, 50.020340563766545, 1.000000000000000, 0.283819456489968, 0.261364977782101, 0.252660083280395, 0.921413195865471, -0.383748516883389, 0.061112995956498, -0.383606499258613, -0.923382675196841, -0.014508234657506, -0.061998195228019, 0.010075263575939, 0.998025406917251, 1.000000000000000, 1.783648176579073
51.614988809828532, 49.734879204617904, 49.813550077969346, 1.000000000000000, 0.247551127388012, 0.264963398307243, 0.285742867122229, 0.718857369465100, 0.676682987785813, 0.159198669614358, 0.413214292482052, -0.231785313083057, -0.880641537248582, 0.559015233114692, -0.698838824536999, 0.446235662476087, 1.000000000000000, 4.959279799930339
51.369090090442356, 49.016033031859848, 49.899491104689972, 1.000000000000000, 0.287966016189456, 0.269066298236132, 0.241894308333229, 0.807508866793459, 0.581802683896058, 0.097134273360579, 0.553671026725046, -0.690835596904857, -0.464967280799782, 0.203415398176190, -0.429245634876411, 0.879983159341342, 1.000000000000000, 4.309725433184621
48.530824932880918, 49.480170324877029, 51.170462880309380, 1.000000000000000, 0.296634388153452, 0.259826884111306, 0.243175943864983, 0.796666126603368, 0.588528802287185, 0.137684173386768, 0.553479048979744, -0.801875311039018, 0.225070939675819, -0.242866269916725, 0.103101088376844, 0.964565259851425, 1.000000000000000, 3.119467360180541
53.921551535243772, 49.129994250197079, 49.199537080415993, 0.858805235185522, 0.208052595923823, 0.223270899165746, 0.255567121252868, 0.537845681240192, -0.840460590130985, 0.065939514768842, -0.336268829086476, -0.285600446433745, -0.897416101695114, -0.773075221279329, -0.460497971150277, 0.436229665211335, 0.858805235185522, 2.134875210154594
47.870437453561685, 50.032600229653724, 50.301167709075877, 1.000000000000000, 0.240323285430938, 0.289969406404660, 0.268954094180310, 0.527939653357974, -0.836558819575132, -0.146454989001141, -0.586801054212515, -0.234645449889538, -0.774987764820334, -0.613957852940528, -0.495086713856470, 0.614772234714173, 1.000000000000000, 4.584180316750932
48.998627118939311, 49.962535516244387, 50.721240414673581, 1.000000000000000, 0.237642641548606, 0.287145383521983, 0.274662887972605, -0.128439136969240, 0.880612597714781, 0.456097402799689, -0.225732075127259, 0.421874681742243, -0.878104084470413, 0.965685465539033, 0.215738743972672, -0.144597289033216, 1.000000000000000, 4.558127041593238
53.945412997162919, 49.397977808788085, 50.184099854268354, 1.000000000000000, 0.241352972302420, 0.258533886335963, 0.300369661824553, 0.712881934454348, -0.696571598749708, 0.081162524257838, -0.696513223110982, -0.716751189941047, -0.033720346226626, -0.081661971321898, 0.032492145718142, 0.996130304180358, 1.000000000000000, 2.945131587846181
49.757565161168777, 48.689970721968741, 49.282704384442859, 1.000000000000000, 0.320043891337492, 0.254424676243386, 0.230174611620823, 0.907080542877376, 0.387622371200042, -0.164176082541098, 0.224523652266112, -0.775394159815581, -0.590214390282866, 0.356081477061600, -0.498510575884951, 0.790375345911348, 1.000000000000000, 4.000914261343540
55.742689091188439, 46.899306359762747, 51.513767986734159, 1.000000000000000, 0.345392443911912, 0.302267396280901, 0.179523809096493, 0.805203249868359, 0.582054297765768, 0.113404236489792, 0.591246731863610, -0.773316392628337, -0.228930249099801, 0.045552480306070, -0.251385264772410, 0.966814573841991, 1.000000000000000, 0.590518800577043
47.601219500988527, 52.813477848424569, 51.588047642804518, 1.000000000000000, 0.321336085735808, 0.276409238382515, 0.211015393644185, 0.646048721008894, -0.758262975763359, -0.087511768747226, -0.706706964071027, -0.637529537578670, 0.306792039740667, 0.288420382456379, 0.136357428478330, 0.947744867927278, 1.000000000000000, 1.202033605336675
50.385608950568141, 49.734874642272729, 48.782058314234014, 1.000000000000000, 0.231974379885110, 0.293104758063579, 0.275653366533812, -0.270169064383741, -0.704759043851502, 0.655990370935070, -0.435832184757034, -0.518007596259915, -0.736015242333293, -0.858521393664669, 0.484750265937567, 0.167207046183866, 1.000000000000000, 3.367724294928476
48.705756976685947, 49.480756725009790, 50.493065893418247, 1.000000000000000, 0.297794596124603, 0.261562397979081, 0.240621300049642, 0.106960550704623, 0.992997584211484, 0.050152151929114, 0.993450127119177, -0.104697423625675, -0.045774385992999, 0.040203053613550, -0.054719715243255, 0.997692070352292, 1.000000000000000, 4.879218591304828
50.524040278694507, 46.923785798755709, 50.991956676945179, 1.000000000000000, 0.225720835900596, 0.273243858311033, 0.303881409973933, 0.490546316494860, -0.819717503388365, -0.295681460379358, -0.220859870277145, 0.211279953928765, -0.952145839023110, -0.842962175352185, -0.532375803081436, 0.077400098313300, 1.000000000000000, 1.594738479293077
51.127782277302444, 48.299609019532603, 50.753548658708809, 1.000000000000000, 0.227274053357311, 0.275760215914523, 0.299050631519878, 0.915960082561474, -0.395466832167268, 0.067993468874322, -0.100677458741399, -0.062462842128310, 0.992956415284492, 0.388434262720671, 0.916353849781208, 0.097028065711982, 1.000000000000000, 3.504915547321162
51.384406632323419, 49.913488820678218, 49.596532231273748, 1.000000000000000, 0.229035751348188, 0.261157875062324, 0.313342848190461, 0.908383153585623, 0.411613856311961, 0.073580429285479, 0.128745309806324, -0.107905135394654, -0.985789595683752, 0.397824950807152, -0.904947796863144, 0.151012560629339, 1.000000000000000, 4.816338075115401
44.169629446139531, 50.946051383982784, 50.542885101792606, 1.000000000000000, 0.324770466959681, 0.270381963397111, 0.213438099256886, 0.943632625093180, 0.302405043940093, -0.134568414790936, 0.297226242634220, -0.953072414187785, -0.057528549467298, 0.145650367487688, -0.014288551846076, 0.989232939067864, 1.000000000000000, 1.297076035937345
51.649570601889174, 50.001674952265937, 48.564739152730226, 1.000000000000000, 0.298195982619027, 0.265598751379569, 0.236645567656425, 0.946729904277672, -0.317438640157656, 0.054177468390902, -0.313653730857581, -0.870846015794037, 0.378481906958274, 0.072964549375086, 0.375313104634663, 0.924021778977087, 1.000000000000000, 2.548021068928644
50.346995222139043, 48.981256485802085, 49.487423378046572, 1.000000000000000, 0.253555178780508, 0.258334518797199, 0.286135185740582, 0.791448609161155, 0.608281143635677, 0.060026238880559, 0.478805127957983, -0.555932743960774, -0.679473644546559, 0.379940453884568, -0.566509341926077, 0.731240327807808, 1.000000000000000, 4.516218789869470
48.561130954778584, 49.439599457222002, 50.499723562472191, 1.000000000000000, 0.224635469153696, 0.269288702430566, 0.309834466134689, 0.661443140546115, 0.652572020428010, -0.369652174319316, 0.014888591480935, -0.504200551825180, -0.863458240671138, 0.749847518945156, -0.565624930226461, 0.343215874688373, 1.000000000000000, 4.813071592632763
52.181524610061309, 49.927589065147608, 49.958495588416575, 1.000000000000000, 0.229066581034152, 0.275890197743246, 0.296570662690489, 0.816227712513953, -0.575004146750075, -0.056058474332232, -0.215402669013750, -0.392924392244284, 0.893986639811364, 0.536072766987834, 0.717621525039263, 0.444573205776427, 1.000000000000000, 4.862984250555288
50.780398714816300, 49.869982406565875, 50.232757217074443, 1.000000000000000, 0.235653782940697, 0.266864075431614, 0.298031152249143, 0.588980532795477, 0.636614804705423, 0.497818764630094, 0.600921786511370, 0.066890404095857, -0.796504036609907, 0.540365560046104, -0.768275513256651, 0.343158559919888, 1.000000000000000, 5.741921409966015
46.934260026719215, 47.858794042624623, 49.221910687486023, 1.000000000000000, 0.293937626890972, 0.273243349941006, 0.233357308541181, 0.976003423904027, 0.217650613180558, -0.006747377990233, 0.200899757342060, -0.888069617417482, 0.413487172860137, -0.084003595324947, 0.404920443052823, 0.910484942637926, 1.000000000000000, 2.011213415068334
52.674092319058829, 48.966793450934546, 49.839487117591077, 1.000000000000000, 0.298414162118146, 0.260075672907180, 0.241494381435940, 0.592256157982578, 0.772862587775714, 0.227850968284848, 0.319496030500335, 0.034344276222163, -0.946965024267161, 0.739699215780472, -0.633643346929014, 0.226585919832527, 1.000000000000000, 3.910640569009175
52.212564540241644, 50.806124788386612, 49.804397268551824, 1.000000000000000, 0.324330470688454, 0.243734134548222, 0.237094829903395, -0.439036587213567, 0.885279912618181, 0.153383021885117, 0.874146248014859, 0.460334295412516, -0.154792356234435, 0.207642028908911, -0.066119685282143, 0.975967712093377, 1.000000000000000, 4.010215303742561
49.960249196197921, 50.324544812836173, 47.958547613581572, 1.000000000000000, 0.322398007083828, 0.268576639230393, 0.216453996195928, 0.373917572742811, -0.889433793658037, 0.262855807417672, -0.919551518293744, -0.318590764082669, 0.230054189800778, 0.120874538252669, 0.327730761052869, 0.937006880584082, 1.000000000000000, 1.733008336596371
43.527930879516617, 51.209943615803809, 51.694574936597704, 1.000000000000000, 0.181985108075686, 0.332707885858985, 0.309547461066846, 0.300458059653619, 0.917704074843586, 0.259892642074878, -0.106701569341842, -0.238431729932573, 0.965279796360283, -0.947807854730678, 0.317757047407038, -0.026281730041817, 1.000000000000000, 0.681316630709074
46.506654638388603, 47.620417615164328, 49.027688856315933, 1.000000000000000, 0.314220754200131, 0.287594434378394, 0.207401000913691, 0.739354147777307, 0.664324319834143, -0.109675166931235, 0.649357353723574, -0.660455925416561, 0.377005302014801, -0.178018176964064, 0.349958809946337, 0.919694710222547, 1.000000000000000, 1.533334942030974
50.622002138137070, 51.412949781351031, 50.093585536053951, 1.000000000000000, 0.323182507098037, 0.247237828101418, 0.234565116575006, 0.765160132297369, -0.599199588252633, -0.235562784370852, -0.643394629889221, -0.725222009757708, -0.245145644041871, 0.023944146933735, -0.339135503893160, 0.940432766244748, 1.000000000000000, 4.515150379033778
46.221211493600833, 49.380666153554969, 49.810149282578287, 1.000000000000000, 0.236669711796501, 0.270880995211311, 0.292351262434257, 0.426369081658637, -0.661882681801403, -0.616539310779900, -0.131170348516018, -0.719635411370005, 0.681849847380279, 0.894988126108808, 0.209848016987786, 0.393649671523471, 1.000000000000000, 2.884994564302603
48.375921234706340, 50.170341536773812, 50.980336148846789, 1.000000000000000, 0.239465173604962, 0.262915024416722, 0.297692865102002, 0.662839222258435, -0.705467452593822, -0.250917992114189, -0.401196289443809, -0.617568383821996, 0.676498949474431, 0.632207009429943, 0.347742670137376, 0.692379471527988, 1.000000000000000, 3.611315725086953
48.571326691055994, 46.812437660941939, 50.570416452229239, 1.000000000000000, 0.230107271395807, 0.268840531057133, 0.302971030858635, 0.718159467089838, 0.677969841801529, -0.156856218993224, 0.021852808027640, 0.203324185419969, 0.978867575520107, -0.695535358274867, 0.706410765228642, -0.131203643846262, 1.000000000000000, 1.853099045369577
52.509907961473246, 50.258234010055965, 48.814112204338436, 1.000000000000000, 0.289367251596367, 0.261037361298253, 0.248127066851560, 0.531498447981376, 0.837718970675950, -0.125444513483116, 0.250434051852576, -0.296879146368992, -0.921490943050402, 0.809192304378934, -0.458355428265931, 0.367584161673302, 1.000000000000000, 2.705397758154454
49.655114701167513, 50.922882083856514, 48.771112695674347, 1.000000000000000, 0.292133414866285, 0.261863769545665, 0.245001950105633, 0.375199044902226, 0.819428893321171, 0.433315088007444, 0.926797704644797, -0.323315070477207, -0.191084745250520, 0.016483063113227, -0.473290242866638, 0.880752323095230, 1.000000000000000, 3.257839249792900
50.404061787014712, 48.757227107996520, 49.989246376729810, 1.000000000000000, 0.243572494139642, 0.267143352070695, 0.288040514146135, 0.472495589388121, -0.856881620449058, 0.206159662750424, -0.866086441570896, -0.408117669992378, 0.288676710468746, 0.163224366244245, 0.314950561162524, 0.934967352524983, 1.000000000000000, 4.635098065946717
53.277016628092397, 48.124729073568702, 50.527531392469818, 1.000000000000000, 0.308766781747046, 0.255842583119456, 0.237259051211729, 0.588406463373009, 0.768703621656332, 0.250744044621815, 0.700133643541290, -0.639505293293528, 0.317562373449935, -0.404463490370225, 0.011301411504663, 0.914484315368797, 1.000000000000000, 2.262568289412686
48.957246461253668, 56.154228312529298, 48.594600873099679, 1.000000000000000, 0.457134053073254, 0.154331041479943, 0.265661934439022, 0.999991962280690, 0.002958243143583, 0.002706320660900, 0.000123087400552, -0.697324743112799, 0.716755319123730, -0.004007520868067, 0.716749224931685, 0.697319502334705, 1.000000000000000, 0.459319970278999
46.585028125354953, 50.240397893920573, 50.059581229672212, 1.000000000000000, 0.231807672231362, 0.269403170860395, 0.300120514922784, 0.306039700542681, -0.951865835362570, -0.017062624688544, -0.503753300934148, -0.146704614273378, -0.851299223510070, -0.807819480756496, -0.269126712944693, 0.524402992830790, 1.000000000000000, 3.452506914714207
50.045440356886523, 52.124846250887977, 51.185734859855003, 1.000000000000000, 0.298269230049859, 0.232920949346131, 0.269779650154166, 0.990045677067281, 0.099978088706225, -0.099065327431147, 0.063490961641686, 0.310926069154123, 0.948311065690040, -0.125612320694287, 0.945161024005442, -0.301483305658506, 1.000000000000000, 2.373064629078345
53.801392821860212, 50.342003791451454, 49.286868514321206, 1.000000000000000, 0.314952059928724, 0.238362737408701, 0.249656785478515, 0.962660841284894, 0.244291293054675, 0.116644197431055, 0.103458575821815, 0.066173803075164, -0.992430023163090, 0.250160803775455, -0.967441363558663, -0.038428899674252, 1.000000000000000, 2.746027730465140
48.681249348561522, 47.326295261525935, 51.010448173310913, 1.000000000000000, 0.243621643028724, 0.281590738670163, 0.273207084597287, 0.447393071479512, 0.691236735765201, 0.567477942056603, 0.109271551905776, -0.672018689218576, 0.732427886747256, -0.887636844399911, 0.265673966488282, 0.376189016312480, 1.000000000000000, 1.926241029998494
48.218414253851940, 48.579681465588692, 51.413107589194183, 1.000000000000000, 0.315708207770174, 0.219690909073818, 0.270226684684979, 0.989373488298551, 0.112873414996617, 0.091649838182935, 0.054659001672670, 0.295367778770158, -0.953818781949973, 0.134731192335345, -0.948692504161061, -0.286059501433726, 1.000000000000000, 2.196218925638639
54.995148220371327, 50.767325158561704, 50.500104023909230, 1.000000000000000, 0.222388320297082, 0.283569280096283, 0.297204264405165, 0.290349492491568, 0.934779460520536, -0.204657109328810, 0.602791396016814, -0.344770672099256, -0.719566339226848, 0.743195603524395, -0.085560176771452, 0.663581005645015, 1.000000000000000, 1.822634954449301
55.511242063603234, 50.015922511421465, 49.053559780982390, 1.000000000000000, 0.227038402812176, 0.308530849303099, 0.267564366173065, 0.509659585478980, 0.675338574164380, 0.533071212104928, 0.076584083383389, -0.652729162818128, 0.753710500244671, -0.856960900567652, 0.343311010968726, 0.384389860227752, 1.000000000000000, 1.433413669783815
