xis_x,xis_y,xis_z,local_bandwidth_mbe_silverman,eigen_value_1_sambe_silverman,eigen_value_2_sambe_silverman,eigen_value_3_sambe_silverman,eigen_vector_1_x_sambe_silverman,eigen_vector_2_x_sambe_silverman,eigen_vector_3_x_sambe_silverman,eigen_vector_1_y_sambe_silverman,eigen_vector_2_y_sambe_silverman,eigen_vector_3_y_sambe_silverman,eigen_vector_1_z_sambe_silverman,eigen_vector_2_z_sambe_silverman,eigen_vector_3_z_sambe_silverman,local_bandwidth_sambe_silverman,scaling_factor_sambe_silverman
54.488318299689688, 11.648677320766843, 21.443475359021992, 0.948530469447358, 1.829422780113854, 4.846415224712894, 4.683911544660995, -0.085564777754430, 0.895456358931387, -0.436848461205002, 0.995527265004119, 0.059213854772218, -0.073615107392673, 0.040051634688926, 0.441193414108096, 0.896517840261078, 0.948530469447358, 0.499479027610662
96.366276050102925, 11.103488747281725, 51.537516615753191, 0.685930336622978, 2.894846665087913, 2.144119866079520, 2.530200493157440, 0.840143339249028, -0.469817139902266, -0.270981594521746, -0.540978040056858, -0.761605653273286, -0.356790679640615, 0.038754737668231, -0.446350404902053, 0.894018672261402, 0.685930336622978, 0.540571065924899
26.455561210462697, 9.033954545581590, 87.119520045499272, 0.925535519209370, 4.375788505239163, 4.772444168685454, 1.847445436579725, 0.855345087330305, 0.514148221895857, 0.063532570396934, -0.056008866760653, -0.030141154874672, 0.997975208924054, -0.515022124208369, 0.857171579500948, -0.003015770506879, 0.925535519209370, 0.472143006925212
61.209572272242141, 11.110556317216417, 10.118978737564689, 0.978254089404495, 1.809152537808497, 4.869024583028748, 5.171629361005330, -0.054985663739108, 0.977967631462136, -0.201384926435690, 0.998444562503167, 0.051990715851195, -0.020135070725967, 0.009221300940165, 0.202178824998116, 0.979305207956821, 0.978254089404495, 0.465344024681764
94.374807851462421, 13.758684010201685, 20.939250217868988, 1.191351040216399, 5.884987210565932, 1.852159499979606, 7.548920772679568, 0.997539456998455, -0.070080518921209, 0.001937162605624, -0.069879671195330, -0.996145888734031, -0.053011318715161, -0.005644757289658, -0.052745513799961, 0.998592032558401, 1.191351040216399, 0.596558523318756
66.741037996368163, 11.133657899537408, 77.390717109048339, 1.039680096382997, 6.433320428168877, 5.022235065773748, 1.692608431310037, 0.752542010993161, -0.656896572258358, -0.046555504997682, -0.088103047773954, -0.030367539098084, -0.995648364404857, -0.652624221633943, -0.753368904272234, 0.080727439030010, 1.039680096382997, 0.475232388555861
18.319136200711682, 8.362099776729721, 11.607350518472581, 1.012707761398774, 4.663988299648918, 5.528797629445043, 1.959989742403790, 0.992248634178436, -0.124263919504747, 0.001061263561278, -0.010659748243258, -0.076603377366205, 0.997004660141306, 0.123810410460587, 0.989287825097130, 0.077334218662713, 1.012707761398774, 0.481561990888123
95.274901151698501, 9.396442051122888, 57.827488968755816, 0.884282345872569, 5.236735201887252, 3.318444830406134, 1.936275620440852, 0.240636443581431, -0.970403530203388, 0.020275369029505, -0.176858988320458, -0.064377070805735, -0.982128551160559, -0.954366282027370, -0.232750040436678, 0.187116055981254, 0.884282345872569, 0.489485564653382
44.712537861762733, 11.751106461142143, 69.732989319754708, 0.982706131959431, 1.880911336709542, 4.900669538532838, 5.009989145784882, -0.119955886591122, 0.920234684130774, -0.372530148303291, 0.992682105505207, 0.116428070886517, -0.032042810728680, -0.013886060704452, 0.373647735751709, 0.927466736269142, 0.982706131959431, 0.498649565086987
88.173536185485275, 11.384980595202009, 97.265250702161296, 1.041439237253304, 8.092413846770619, 3.407820528787352, 1.993134186375920, 0.993247004399271, 0.115404303973138, -0.011926226408607, 0.015398771948890, -0.029245648989309, 0.999453635661835, -0.114992460945664, 0.992887978897755, 0.030825237809147, 1.041439237253304, 0.490609363330022
95.608363472322395, 13.332861694078822, 49.029666819279370, 0.737797755707960, 3.369229906194431, 2.833194198406934, 2.047361479504686, 0.302113234017164, -0.949961133464129, -0.079381602019856, -0.947496753778188, -0.290087510869073, -0.134533035413540, -0.104773543471076, -0.115858020634456, 0.987724366229355, 0.737797755707960, 0.521699489609987
89.654659585106302, 10.924492430248602, 78.936111868874562, 0.943164731904685, 5.637319282714798, 4.668075664896861, 1.551463874132560, 0.718022982980525, 0.693552541452548, 0.058547998740015, 0.059699877085718, 0.022439422594338, -0.997964126103530, 0.693454339223354, -0.720056487060803, 0.025292980329658, 0.943164731904685, 0.483966125172086
91.948261374467350, 8.635977575320828, 52.763432170584700, 0.699560521786397, 3.239662081186156, 2.563469537142713, 2.006030513097234, 0.855900743530156, -0.508997672441995, -0.091407257223686, -0.248917467000494, -0.250555535179200, -0.935554390943211, -0.453292413180039, -0.823494561754779, 0.341149080188883, 0.699560521786397, 0.518107243382038
6.916699545513804, 10.624962607113256, 47.054375337586421, 0.736454054827742, 2.246340173764022, 2.847145565810704, 3.039074218279210, -0.192388286003664, 0.818027776881650, 0.542049170886403, 0.966657551717654, 0.062853384105630, 0.248239057792489, -0.168996819839323, -0.571734211287496, 0.802844982875063, 0.736454054827742, 0.510903654374230
86.638232592862920, 8.189331373543908, 12.821806472482432, 0.990918437967828, 2.050796447935906, 4.608569272497898, 5.009733008355186, -0.118695905563409, 0.904842834169667, -0.408865170263117, 0.992310675917473, 0.093549140526287, -0.081043696651875, 0.035082822900821, 0.415340828427207, 0.908989104323430, 0.990918437967828, 0.477026021470496
23.789282137450861, 9.875579202825815, 65.711497286238895, 0.932615431112822, 4.232322251526656, 4.838235434758299, 1.927665144906581, 0.918868896560360, -0.391959240434341, 0.045253781853916, 0.012281390899839, -0.086225362096583, -0.996199957021118, -0.394371802201314, -0.915932934646116, 0.074415998676627, 0.932615431112822, 0.440013690069796
17.960367755963482, 9.701654578574871, 38.296466352313608, 0.841396262895126, 4.446421500981939, 3.967278050130985, 1.643190806764590, 0.939787790625402, 0.339866116906273, 0.035915611793161, 0.017252514542887, 0.057777332302401, -0.998180409852831, 0.341322808106011, -0.938697396635928, -0.048434886348143, 0.841396262895126, 0.493257007919440
67.939277349856724, 9.937388895412820, 46.785378956217251, 0.741784177791124, 3.384058738001279, 2.706433610035201, 2.168637460195646, 0.864616009566321, 0.489734724265951, -0.112245515945023, 0.095901100994575, 0.058435387897835, 0.993674133843313, -0.493195838212002, 0.869911032973707, -0.003558072649307, 0.741784177791124, 0.488822764757380
21.689698439847394, 11.174751278044079, 60.998809910510147, 1.001723211450622, 2.007312148740739, 4.754690739600102, 5.125019867781393, 0.138902859166886, 0.990042357060598, 0.022850097180551, 0.986827899774076, -0.136446017593182, -0.086909035838894, 0.082925821929899, -0.034621026975777, 0.995954161871114, 1.001723211450622, 0.458660646317174
87.265065544739528, 10.023694775276734, 78.096926863119322, 0.926791218398838, 5.463218714971261, 4.380728697572629, 1.618602900223616, 0.779120920286869, 0.610670010196004, -0.141607662993761, 0.080953572158361, 0.125989694175529, 0.988722972382233, -0.621624573779177, 0.781798398315556, -0.048725287737350, 0.926791218398838, 0.478563126787674
86.385560592323145, 10.534515003308989, 29.292662416534487, 1.008956109762547, 6.003994608531284, 4.593071716236370, 1.812436637978794, 0.927615951537111, -0.371676783595712, -0.037215789523367, -0.026066839116512, 0.034977562003781, -0.999048091962917, -0.372624699063783, -0.927703044455616, -0.022757305539254, 1.008956109762547, 0.460278163570063
94.931882241568147, 7.954914623903148, 21.060691214157590, 1.032431348743893, 2.034082391523406, 4.452023370879695, 5.913534058286193, 0.061629561003068, -0.996308605377558, 0.059757510500312, -0.997543628433257, -0.059487600619423, 0.036985601857421, 0.033294242486964, 0.061890130256527, 0.997527495958908, 1.032431348743893, 0.499892543094069
87.428796662494705, 12.947435657950914, 21.245689048558592, 1.139817427096264, 6.655247571817159, 5.635646144059089, 1.921265903634874, 0.953708648347971, -0.300715445440367, 0.003167797324410, 0.000751830649663, 0.012917725272106, 0.999916280057720, 0.300731190296187, 0.953626422267859, -0.012545833397700, 1.139817427096264, 0.558349878996487
9.784448449403405, 10.027471896945793, 68.089152092562642, 0.939342528855846, 5.348978785500642, 4.211711868555496, 1.790325336195252, 0.988638708127117, -0.150298522838409, -0.001964389304132, -0.001460712613959, 0.003461500474626, -0.999992942141655, -0.150304261787234, -0.988634599863396, -0.003202630409246, 0.939342528855846, 0.458384537183463
77.058074850277620, 8.436670156643771, 56.954812622443804, 0.887565251449343, 3.703380515521705, 1.871351928763262, 4.909492444635927, 0.996720996895593, -0.047642234436046, 0.065402384095653, -0.048445659739039, -0.998767936821098, 0.010752973104067, -0.064809508560887, 0.013886175717898, 0.997801033134376, 0.887565251449343, 0.486055553639434
43.040243950806122, 13.761872206929617, 33.054166635665524, 1.199192149363061, 6.927381203390632, 6.184288461840233, 1.958831294234569, 0.557775362732842, -0.828894966630358, 0.042658868047609, 0.015013809179653, 0.061464635288735, 0.997996334734121, 0.829856150343036, 0.556017295507685, -0.046728330102379, 1.199192149363061, 0.608375360930831
54.380595007732637, 8.389443661981772, 53.833171301938606, 0.791044351351942, 3.481489366001258, 3.200394960616763, 2.161839159705647, 0.924064625269599, -0.381600575542441, -0.022035631850096, -0.078748066862095, -0.133646029501702, -0.987895480688071, -0.374036509302018, -0.914614530577832, 0.153547875807690, 0.791044351351942, 0.493714799785102
59.098416532368489, 7.862428668388358, 28.342342113775153, 1.016274109131562, 4.609437958609811, 5.358688125169143, 2.067833933785143, 0.982023210564965, 0.187684223485688, -0.020125758774594, -0.013311443925621, -0.037497416511643, -0.999208061024113, 0.188290252993334, -0.981513411018681, 0.034324985334002, 1.016274109131562, 0.495203106321045
39.843425861967710, 8.509303470852670, 90.796705421100981, 0.997351504126825, 5.907287418950232, 5.085076995607523, 1.607121218391078, 0.673966990041550, -0.738185928512279, -0.029155295930543, -0.010802750319842, 0.029613284873814, -0.999503053494340, -0.738682473678549, -0.673947021883357, -0.011983938196309, 0.997351504126825, 0.504664036009500
42.403225188984194, 8.204390234753697, 71.647835683035794, 0.917304239663137, 5.230213309789217, 4.369924130725651, 1.643374080699167, 0.916689966891240, -0.398121889011403, -0.034328793904397, -0.036634984632561, 0.001815449021695, -0.999327064601886, -0.397916300874833, -0.917330728600564, 0.012920985382228, 0.917304239663137, 0.510791497027391
3.330462654669619, 12.668144000076936, 56.699349190043471, 1.017053684260836, 6.730330783032844, 3.155230911652324, 2.410757928656507, 0.086323429366443, -0.995736152207275, -0.032523541164336, -0.260616751317125, -0.054078218882083, 0.963926581838808, 0.961575360788391, 0.074733268562221, 0.264173738465205, 1.017053684260836, 0.552549301158053
61.848025951274785, 14.431039407270479, 58.097250852116069, 1.338199482501166, 5.755560449474400, 7.636560177767084, 2.653179933392251, 0.992336124203932, -0.123267357233008, 0.008612504903226, -0.047024750219296, -0.312268903211215, 0.948829175855210, 0.114270247513213, 0.941962467791607, 0.315672329806105, 1.338199482501166, 0.574113811542077
28.839849733149393, 9.967500202479647, 83.850818472755321, 0.912355709496519, 4.144398660635375, 4.925773592751526, 1.810281615782135, 0.971330058332646, -0.227305620357981, 0.069642463577699, 0.082794908813455, 0.048838304458970, -0.995369189342399, -0.222851791229215, -0.972598054167931, -0.066257861229324, 0.912355709496519, 0.472932613822770
70.657470627297897, 9.390015953546197, 67.749579083025267, 0.930008986471149, 5.542013712181163, 4.131887693448096, 1.709365206172878, 0.489773217383407, 0.867038436994200, -0.091468816044382, 0.041376199030450, 0.081679926645829, 0.995799377252730, -0.870867501797891, 0.491500496803194, -0.004129885532846, 0.930008986471149, 0.460730106038570
29.655626506402989, 9.381664633009674, 93.841734941948530, 0.938170926379918, 4.030189164316583, 4.983563035918698, 2.000645090837160, 0.924494591718946, 0.381188302343909, -0.002286490452177, 0.034442132632242, -0.089503053501763, -0.995390849321815, 0.379635995898917, -0.920154705237130, 0.095874026971900, 0.938170926379918, 0.458156136214389
95.095261105539407, 7.710711641036947, 8.917218306561336, 1.113548755964729, 4.939426573918328, 6.225747834532030, 2.184988624724412, 0.984922263654153, -0.159772700420231, -0.066338667146737, 0.077818482095594, 0.066693561426220, 0.994734262357855, 0.154507017325156, 0.984898295797447, -0.078121242518086, 1.113548755964729, 0.498516266398910
23.342025546809630, 9.290941689915337, 7.319985351272019, 0.966860123568832, 5.525656471479655, 4.639656054438223, 1.715579340418833, 0.965898804740050, -0.256717538353631, -0.033698731480494, -0.017055448348958, 0.066784477781858, -0.997621644316632, -0.258357524921103, -0.964176300802429, -0.060128614549024, 0.966860123568832, 0.470990711819581
23.780724253903884, 5.918759500235817, 86.971009762842755, 1.332732812050119, 2.188655689221688, 8.034406156365071, 6.550697908894793, 0.100102329368397, 0.994639968423337, 0.025900904807432, 0.993912626121446, -0.098757497055790, -0.048832862005479, 0.046013207792889, -0.030631519552550, 0.998471078558869, 1.332732812050119, 0.631895041017810
17.185309904764303, 12.353684620800626, 65.978366396805683, 1.034460841729766, 4.771098859147385, 5.539926898015148, 2.038023777581104, 0.964645516041431, 0.263545926389537, -0.001604077504976, 0.015391576337154, -0.050259001285631, 0.998617610583565, -0.263100983956766, 0.963336689570813, 0.052538507475274, 1.034460841729766, 0.496654998205360
99.440078964767935, 12.391969669144403, 89.403367955224795, 1.414470023231255, 12.708214453611198, 4.187596919826561, 2.587744333396942, 0.132950754922282, -0.987329672849553, 0.086626865788801, -0.050394043780408, 0.080555652227703, 0.995475377518514, 0.989840662489198, 0.136714681014751, 0.039045599982346, 1.414470023231255, 0.639370074542665
29.279403144051884, 11.611362169679078, 58.454128263483632, 1.045444034814326, 1.920036155659591, 4.709943328440389, 6.148466449321804, 0.083588022952237, -0.991731437731717, 0.097374523534221, -0.988711951109944, -0.094731059381511, -0.116080593213611, -0.124345165371652, 0.086572407862072, 0.988455106742668, 1.045444034814326, 0.481225272635871
27.165276760614589, 9.116235158778590, 25.760429738875967, 0.926372310255892, 5.774600928626841, 4.296140200367802, 1.559357893500061, 0.391598523694105, -0.919804727895708, -0.024695319015968, 0.025064790431690, 0.037492226425199, -0.998982526993489, -0.919794733906002, -0.390581099771078, -0.037736613260896, 0.926372310255892, 0.499989597483340
86.231854683590242, 13.846478295880779, 67.570300437511122, 1.179516770384887, 7.466898700562666, 5.626619641102930, 1.900702176406729, 0.597853452773833, 0.797049777399442, 0.085339916533279, 0.015633469496893, 0.094847511421521, -0.995369049251901, 0.801452957844624, -0.596418981861447, -0.044244258807883, 1.179516770384887, 0.568111803763532
10.462788874247408, 12.404255096046819, 87.287592697127693, 1.012415385402350, 1.809152558600732, 5.130756877124369, 5.440127918052111, -0.028871998141114, 0.955907685598761, 0.292244596761957, -0.999580263652735, -0.026911830303586, -0.010726131904850, 0.002388354929394, 0.292431615942823, -0.956283454712985, 1.012415385402350, 0.525906495291278
34.847598903349706, 10.347577339530982, 52.178244256603769, 0.721749252844637, 3.630487056240203, 2.500489796511160, 2.015387583943284, 0.998399286653945, 0.054676856980938, 0.014467401963724, 0.024610896873705, -0.189681899662753, -0.981537101028485, 0.050923159406755, -0.980321997228980, 0.190723919802994, 0.721749252844637, 0.527231280025229
34.169811486473215, 8.558491511890654, 48.043778279129555, 0.732409795640052, 3.045147321654592, 2.638043788236827, 2.379916134988095, 0.825498479710404, 0.508504058384495, 0.244899739898414, 0.158094314262074, -0.624865621735242, 0.764558135507977, -0.541810343011111, 0.592424322069855, 0.596217221175516, 0.732409795640052, 0.510448824277360
67.624248227746293, 8.551847641775460, 86.664409194565820, 1.048093285305203, 6.002398584603902, 5.173245142684349, 1.804269698393535, 0.546811796457977, -0.837153446183702, 0.013075427226365, 0.005852392950743, 0.019438360233497, 0.999793928591379, 0.837235097658448, 0.546622591642703, -0.015528475606612, 1.048093285305203, 0.497453341776692
37.267906982099554, 12.228359984342459, 52.430661516103591, 0.726099322187062, 3.293452767746693, 2.677010442095001, 2.112886258045731, 0.978447768767899, 0.202146985525830, -0.042149259020064, 0.109268182780674, -0.333653772281571, 0.936341617399380, -0.175215376108747, 0.920766939287623, 0.348551022792895, 0.726099322187062, 0.531732594609874
94.886102072050733, 4.006912854183867, 0.381869673898361, 2.288802822479306, 16.528369313743035, 7.905590789648075, 4.465296805209782, 0.965096115965693, 0.252134125685437, 0.070836922665894, 0.005279107980404, 0.251693804048986, -0.967792519098118, 0.261842735180613, -0.934386757006000, -0.241577669425269, 2.288802822479306, 1.065684746533699
51.995237457083817, 8.745098591062607, 12.752418247619124, 0.912647203310813, 4.907478264641528, 4.277309180843078, 1.762257154490057, 0.580798757074253, -0.813998417255531, 0.008909572744736, -0.000828281627309, 0.010353861866578, 0.999946054291927, 0.814046754020031, 0.580774805109467, -0.005339290169356, 0.912647203310813, 0.479932602155106
88.696078121741749, 8.641661376637741, 24.655792197098702, 0.965748260419576, 5.708039556391657, 4.425710010350670, 1.735047643735022, 0.497259299788794, 0.867590435718080, -0.004474888163007, 0.055612563065278, -0.037020641873470, -0.997765861765468, 0.865817781985834, -0.495899493774484, 0.066657786276938, 0.965748260419576, 0.501827617179409
50.272076114532403, 13.371154914571211, 64.427911634987041, 1.199490483889550, 7.295516875863428, 6.350671492190197, 1.812609430898040, 0.785337316431119, 0.618976900545714, -0.010625253483553, -0.018680784387612, 0.040850063782099, 0.998990640888924, -0.618786172854107, 0.784346140986121, -0.043644053486681, 1.199490483889550, 0.549955713769280
91.978281077815836, 11.930776874811301, 74.115472231555245, 0.915152751187885, 4.996978386532945, 4.589137350114854, 1.626416498289873, 0.967805267330554, 0.251691338323341, 0.002105882294927, -0.000108185641823, 0.008782597415499, -0.999961426395290, 0.251700124797549, -0.967767707766509, -0.008527073428541, 0.915152751187885, 0.520919044727086
3.603381742856948, 9.511186588402602, 86.781332837540134, 0.934011144885680, 5.586207063900710, 3.403963226407055, 2.085181268937342, 0.089859407669375, 0.995398076557898, -0.033285973594698, -0.024397397057623, 0.035611162285418, 0.999067871637105, -0.995655589985875, 0.088963556052574, -0.027485120053563, 0.934011144885680, 0.467269888172370
69.646314465250057, 6.008346094084597, 96.396020007594828, 1.448562637123698, 10.268255804806241, 2.560400373970552, 5.625962143945650, 0.997737080253532, -0.047154627295475, -0.047928695076971, -0.042200578429840, -0.994133865704502, 0.099583975817450, 0.052343384179315, 0.097336006616505, 0.993874173096680, 1.448562637123698, 0.622649899677208
5.994429824957326, 12.279905861096214, 67.617626943115781, 1.033650295004434, 1.930735764461512, 4.982697895198809, 5.586284247536003, 0.038161957610932, -0.997344165374089, 0.062034512858264, -0.999050673847555, -0.036774690929383, 0.023353226582090, 0.021009904236989, 0.062866826715757, 0.997800754671314, 1.033650295004434, 0.510674719870572
37.824517492346175, 13.448905300698836, 4.908153825604156, 1.147277036385108, 6.983723067275936, 5.552005051838000, 1.895211006478340, 0.991653266692400, -0.128497716766816, -0.010589402438635, -0.028425635011071, -0.137778967881366, -0.990055018311489, -0.125760812388079, -0.982092303602498, 0.140281592777634, 1.147277036385108, 0.578631643926694
45.651989126265534, 12.908449709382031, 73.761458064334676, 1.046552047877698, 1.930980387273195, 5.650656916853185, 5.112051524196244, -0.063323332972910, 0.918826692155999, 0.389548026927190, 0.997929090295004, 0.062715985800206, 0.014291111506613, 0.011299833812410, -0.389646268950150, 0.920895270293555, 1.046552047877698, 0.533748212429681
59.102690087049126, 11.962075952567560, 22.805143696442531, 0.973039679288187, 5.497554328639011, 4.577011162585624, 1.781679895688504, 0.660269729924902, -0.751028481024153, 0.000323164741532, -0.013803630948361, -0.011705292262737, 0.999836209539185, 0.750901686985412, 0.660166044888403, 0.018095570144775, 0.973039679288187, 0.506840435559779
72.140666795995244, 8.975635281619510, 20.808581186703712, 0.987050035175875, 5.016027115015204, 5.902200644014950, 1.580640805962423, 0.978697539703179, 0.204319501460543, 0.020116339176410, -0.030072870894472, 0.045742427525005, 0.998500502133216, -0.203092954617115, 0.977834940901089, -0.050912475267419, 0.987050035175875, 0.492678426419105
76.456197435770861, 9.563735592925653, 57.493474850989834, 0.871767365722810, 1.685773860178029, 3.873484524417938, 4.937307890985344, 0.038406961246418, -0.997312720945283, -0.062387835100539, -0.998104601878657, -0.035283315094043, -0.050421140255090, -0.048084394937079, -0.064206108094872, 0.996777541203073, 0.871767365722810, 0.493211205746067
24.190170420148483, 8.939477684208576, 85.668227288888545, 0.927251846719271, 1.685833780233215, 5.105225390122082, 4.507678959937125, -0.153237371364891, -0.979419668272885, -0.131359892727613, -0.987058178878846, 0.158062300683710, -0.027064009513538, -0.047270070081975, -0.125512638816989, 0.990965245592216, 0.927251846719271, 0.479482541238664
11.732048038481102, 10.396709722224067, 3.976265553852576, 1.005412103468418, 5.980089862371609, 4.138469171794412, 1.998363192651967, 0.957673014010243, -0.284674296439172, 0.042695938722541, -0.050502118602110, -0.020134327856453, 0.998520978677197, 0.283393603056306, 0.958412830563443, 0.033658757525103, 1.005412103468418, 0.470010692166697
93.583208021678857, 5.374507088986238, 81.758511117475337, 1.609640811134404, 7.490382875511502, 9.937089279679002, 2.726548604911234, 0.965898135395047, -0.253243455023784, -0.053930923670829, 0.057430971384754, 0.006443127598145, 0.998328688174670, 0.252472722420018, 0.967381123753389, -0.020767422552007, 1.609640811134404, 0.727361171741588
9.725799478764063, 10.975783601109500, 91.753164194811518, 0.952772272587480, 1.726905916568016, 4.728309626220571, 5.154449315859968, 0.095901110904916, 0.887938097918639, 0.449854322188676, 0.995370625614742, -0.088428907984846, -0.037651638688456, -0.006347802022860, -0.451382612090052, 0.892307930544294, 0.952772272587480, 0.466898647174741
85.958083641962148, 9.316538464298535, 48.821035809161849, 0.680407547304215, 2.099047616242077, 2.825265894835106, 2.584730566099674, 0.288448639724439, -0.950076738695960, 0.118960383447476, -0.425482276842328, -0.238485480930818, -0.872977380851454, -0.857765827212876, -0.201193603213536, 0.473031626523813, 0.680407547304215, 0.523488590895479
40.379274066733451, 11.261829849282261, 88.727809645974105, 0.938646660402992, 5.315833544664059, 4.433727322378431, 1.707479875068550, 0.615646997849104, -0.787447861710068, -0.030077219413161, 0.035371346859443, 0.065743464565347, -0.997209438728041, -0.787227820812206, -0.612865125419278, -0.068327858038128, 0.938646660402992, 0.479744315689596
73.725424259647738, 10.835577877648285, 59.147419477637442, 0.868378244333740, 4.633536640313968, 4.256881899650584, 1.615519220596028, 0.577535386659689, -0.816199208433950, -0.016484213891996, 0.003547032344535, 0.022700829331313, -0.999736010609410, -0.816357945828538, -0.577324453405071, -0.016005617237254, 0.868378244333740, 0.507728040789172
63.478632293369472, 10.683745904424670, 11.501509464752168, 0.991960443638423, 6.227221335966860, 4.376938684931136, 1.742640594627067, 0.270010195731157, 0.959882595005414, 0.075630007317829, -0.001183493428438, 0.078878256736517, -0.996883553860486, 0.962856735732023, -0.269079215882388, -0.022433948283621, 0.991960443638423, 0.469427048690901
40.424361793925875, 8.679564667077404, 60.514194694178627, 0.962935007023031, 4.207146779392394, 5.243221529673272, 1.969675053737741, 0.988083061089029, 0.152716143736930, 0.019226123661704, -0.006347837445495, -0.084372153461171, 0.996414092975451, -0.153790667300391, 0.984661931407144, 0.082397278406843, 0.962935007023031, 0.465860466887112
75.102164885639837, 7.546567825602448, 74.636170454542793, 1.004553976279515, 6.053942507649572, 4.703142052675900, 1.732538809598843, 0.358525792964501, 0.933180294264494, 0.025175269126823, 0.027962556338601, 0.016220674431274, -0.999477356003629, 0.933100933030391, -0.359042376492563, 0.020278576389552, 1.004553976279515, 0.520224818107529
8.136959885330530, 7.925394243603527, 59.065534104389137, 1.001637902123398, 4.890848227928494, 5.294122075445850, 1.888615900003860, 0.982974476643233, -0.182747125084736, -0.019096244165463, 0.027111564586991, 0.041462644744145, 0.998772152273213, 0.181730958654844, 0.982285262723658, -0.045711282002442, 1.001637902123398, 0.498225657050863
88.189650309683230, 10.363009951259901, 73.439046667628176, 0.862858317799183, 1.619156068137643, 4.674685192118671, 4.130160395675145, -0.074115467324016, 0.993590951825532, 0.085345872505796, 0.995458281156849, 0.078838232642070, -0.053360505527275, 0.059747033228389, -0.081003416744652, 0.994921473532509, 0.862858317799183, 0.484915498377850
52.076143724186053, 10.376242444087397, 95.078528031474789, 0.949216840122248, 5.522154161018750, 4.289843562218526, 1.756854724786671, 0.965110663253257, -0.255883319190501, 0.055543988287758, -0.042089451896297, 0.057764458599151, 0.997442602540024, 0.258437392251833, 0.964980307717624, -0.044979106296959, 0.949216840122248, 0.463527466633602
87.739878917411957, 5.404452444040730, 9.911166416204530, 1.365338258271015, 7.444981758974073, 6.696565867894068, 2.484245579209620, 0.988664887284023, -0.148944405609833, 0.018902504839376, -0.025756021826395, -0.044220100918129, 0.998689746625281, 0.147913380028135, 0.987856339106210, 0.047555076451717, 1.365338258271015, 0.616069430925299
85.877746823190222, 9.486532244571046, 97.548592360296311, 1.040091223556566, 7.701614033268429, 2.079473203442719, 3.418761038996508, 0.998519157530296, 0.054010401242893, 0.006509116880942, 0.053716435375739, -0.997791947496839, 0.039061158213627, -0.008604453237250, 0.038653668235340, 0.999215621033038, 1.040091223556566, 0.492421229525615
45.850316706644499, 12.170457503596804, 52.125133713235925, 0.704605822338320, 2.620698001866269, 2.039146372865678, 3.185391619197330, 0.994003424173709, 0.107363166744762, 0.020744713964739, 0.104016128122633, -0.869834313131043, -0.482253991989928, 0.033731851732723, -0.481519904185053, 0.875785786623818, 0.704605822338320, 0.522854779938604
33.610226639988738, 7.693055749300592, 25.554369470481053, 0.992636001274834, 1.789337148103284, 4.827100820996434, 5.510373640813520, 0.044943162687692, 0.990685162877679, -0.128541900490282, 0.991352896609083, -0.060108401932591, -0.116646536176141, 0.123286440910626, 0.122187921134357, 0.984820067533382, 0.992636001274834, 0.518785208522414
24.488947942009943, 10.628175243866806, 21.825578939200284, 0.931313084060687, 4.527732673674744, 5.540298108239135, 1.566977395538179, 0.911158080683477, -0.412051948671657, -0.002035583722675, -0.004740111751404, -0.015421137894221, 0.999869851453994, 0.412029711726941, 0.911029845889770, 0.016004266689742, 0.931313084060687, 0.481430258921441
92.275661022536539, 11.213045638694823, 29.254645822751225, 0.920375996227178, 4.549905640706927, 4.885989270422159, 1.706595047385441, 0.883584976880144, -0.468270484094496, 0.000585113341007, -0.016350397433346, -0.029602948193373, 0.999428001389811, 0.467985312948481, 0.883089134337054, 0.033813128816276, 0.920375996227178, 0.494669746892772
45.309424544887847, 11.794065451801107, 33.644340315549471, 0.998326862329264, 5.809422140776720, 4.858529298586855, 1.715418299116569, 0.836363029000930, -0.547492687979645, 0.027361292535484, -0.022426458410715, 0.015697703976042, 0.999625247806913, 0.547717023364750, 0.836663217010706, -0.000850657248617, 0.998326862329264, 0.526756680441360
10.241375845241640, 12.585366948456141, 35.146434452026163, 1.003210904848822, 1.726914892222910, 5.219948181775521, 5.450409532813755, 0.159242616021950, 0.751116621221232, 0.640675901347698, 0.986156028908960, -0.090627629802378, -0.138862951729080, 0.046239332704909, -0.653919302392584, 0.755149965284646, 1.003210904848822, 0.525140838529655
37.740657258888731, 9.918479542348386, 80.402646752797764, 0.935683722133116, 1.903506554757771, 4.485511356460642, 4.668855304769911, -0.069709616359424, -0.869423277870998, 0.489125478055552, 0.996827308389299, -0.079592515188919, 0.000590571965331, -0.038417270027507, -0.487614802299881, -0.872213229630050, 0.935683722133116, 0.462607805192083
20.825325212148382, 9.890456940683542, 43.707833691336660, 0.860358412924785, 5.065677422321981, 3.336798450831080, 1.833412772031390, 0.283593082071631, 0.934615815549557, 0.214635134881852, 0.025546968206416, 0.216381420650367, -0.975974606848349, 0.958604358542446, -0.282262923746578, -0.037487673460218, 0.860358412924785, 0.488546228566968
21.539820434323818, 9.210663953902888, 58.893822670703869, 0.976236914073929, 1.960162279783387, 4.360207285722511, 5.297317964134113, 0.171611255565644, 0.982959708109683, 0.065877076408345, 0.984504343375199, -0.168664331011828, -0.047995221842391, 0.036066256231428, -0.073092788134400, 0.996672799610880, 0.976236914073929, 0.461502714902547
88.228367191910735, 12.023869406701518, 52.814452905074560, 0.739169147717236, 3.234557275865103, 2.890479945945963, 2.102016967522674, 0.832783393273101, -0.553449978905737, -0.012842925592731, -0.260544341335990, -0.412302540793080, 0.872996713082796, 0.488455183293550, 0.723671013447969, 0.487556969193195, 0.739169147717236, 0.511559996279312
88.905995318972870, 11.322070787904455, 9.899894843525336, 0.938439035670512, 1.873356947264301, 4.750361159633880, 4.519189558746936, -0.062462164506717, 0.867669513685868, 0.493201878570292, 0.993996552925978, 0.009604567033349, 0.108989013498499, -0.089829453835644, -0.497048656886055, 0.863060427728765, 0.938439035670512, 0.479058232360377
71.045575950449162, 12.892978430520344, 33.295885602897670, 1.057511090178932, 1.971404053011005, 5.451186203440356, 5.355224213767676, 0.018567451338176, -0.751275723551278, 0.659727244361871, 0.999162863087556, -0.010114940574993, -0.039639134751426, -0.036453021513748, -0.659910960039055, -0.750458994244756, 1.057511090178932, 0.535436855600198
72.754699133152968, 7.519660627315589, 34.542771684019598, 0.988465772473049, 5.553655031720401, 4.302727030564888, 1.966761695487137, 0.646781128818540, 0.761085606497806, 0.049222667401120, -0.057037357144724, 0.112627954207734, -0.991998832570344, 0.760539881461952, -0.638798593856348, -0.116255946914525, 0.988465772473049, 0.512540587508014
31.457329500428720, 9.701087644585954, 15.414386696653803, 0.931744844899708, 5.155335468377372, 4.462932615389898, 1.710815847056530, 0.571381242749083, -0.820379913094892, -0.022366797377608, 0.053799002560793, 0.064637498247451, -0.996457556117557, -0.818919497116766, -0.568153845371770, -0.081068275122235, 0.931744844899708, 0.471687486979471
51.732608351608015, 9.564331525398625, 52.900669271663190, 0.743371539056924, 2.263609766549678, 3.042869809666579, 2.902166919601251, 0.222575330685915, -0.740529560246024, -0.634094782009666, 0.974878326206022, 0.174737474838367, 0.138126984984311, -0.008513005568013, 0.648908919101087, -0.760818469444097, 0.743371539056924, 0.495899151667523
90.314964685157150, 5.765453628884302, 75.395123528161747, 1.394424189716623, 2.171848357849070, 8.265022610851393, 7.350226269364174, -0.041770947874253, 0.986411531811416, -0.158894549381477, 0.993800706889087, 0.024619839718796, -0.108415951220159, 0.103030786177906, 0.162438152543289, 0.981324871639298, 1.394424189716623, 0.704459547290311
15.093489731104160, 14.340263006446422, 29.289602940785542, 1.292984232528578, 1.959123738120768, 7.077827187468807, 7.585904905240346, 0.056219931486234, 0.995843611955938, 0.071657657164006, 0.997779029074907, -0.053470897441510, -0.039722440322020, 0.035725739208869, -0.073731700464254, 0.996638002438513, 1.292984232528578, 0.633691001024039
70.571004398960767, 7.978484707841334, 25.414123576823144, 1.009414496188606, 1.589293113877774, 5.851908464586559, 5.381416614931545, -0.102696156280857, 0.979178580815034, -0.175107984849904, 0.993190606206376, 0.091202604328147, -0.072487962498449, 0.055008355988439, 0.181359840749875, 0.981877125171286, 1.009414496188606, 0.516838290807340
81.519939531431348, 11.012818132166776, 10.423561647132672, 0.899405995330627, 4.939552236176708, 4.075838095123808, 1.758540428623194, 0.706686372160940, -0.707147719427986, 0.023161915072093, 0.025864868983797, 0.058534854841423, 0.997950238900289, 0.707054014877548, 0.704638754026836, -0.059656067328048, 0.899405995330627, 0.478659294162571
31.650074545360638, 10.469544171641358, 51.876376733316896, 0.702516726137020, 3.490037588713914, 2.048562066896944, 2.359827753024126, 0.986144866833784, 0.128590887117868, 0.104798308037952, 0.049933623440603, -0.832550428648170, 0.551694133563011, -0.158192714331191, 0.538817378624696, 0.827436340526896, 0.702516726137020, 0.529976482782260
72.982763552926755, 9.237672508857392, 7.146020203554027, 0.941394508317199, 5.394720541344166, 4.264393834930558, 1.764729931107066, 0.926339064480449, -0.371214714200420, 0.063996668495989, -0.050674342758849, 0.045543274579366, 0.997676260681063, 0.373266725818742, 0.927429483088438, -0.023377452702706, 0.941394508317199, 0.485592186652057
93.916090908737033, 14.729011843005216, 13.352829831389490, 1.480720934184266, 7.215599195519625, 9.391720004912095, 2.331264983635637, 0.983377678398129, 0.177534647152134, 0.038076117040392, -0.035425604412362, -0.018076715010794, 0.999208816477536, -0.178082475781097, 0.983948515642453, 0.011486965860880, 1.480720934184266, 0.659467235865002
72.394139850132589, 9.021106891393170, 96.230874763555988, 1.062920077653974, 7.601228899884020, 1.948752910774432, 3.945034206201644, 0.999815134033474, -0.015223384891426, -0.011745054707165, -0.014734004430079, -0.999063387179731, 0.040684856032900, 0.012353415360992, 0.040504283099580, 0.999102995781470, 1.062920077653974, 0.479734279007819
87.383217833471818, 10.523404983757509, 66.312785340568283, 0.952464970384250, 4.544525923386299, 5.346761202020455, 1.730442579072005, 0.913824986032000, 0.403963814082744, 0.041678913317611, -0.051417357701488, 0.013284274374315, 0.998588896083541, -0.402840105042449, 0.914678503609913, -0.032910253771703, 0.952464970384250, 0.466771551906877
21.383534680158654, 13.166096896246637, 11.798371775486615, 1.191689744939745, 7.614648045285421, 5.714958566358287, 1.892414271296676, 0.718458964808294, -0.694875292705986, 0.031065148854681, 0.001546300895782, 0.046256951169802, 0.998928377523641, 0.695567627797710, 0.717641011965762, -0.034308207540212, 1.191689744939745, 0.558320791258129
67.714114411142418, 12.953258808851222, 65.993020046324673, 1.257991246629454, 7.817821151810432, 6.214237308908421, 1.994108670887064, 0.714117233290250, 0.699435767440450, -0.028743422601820, 0.045596479071929, -0.005501776481090, 0.998944789040814, -0.698539575266943, 0.714674287826658, 0.035820721731115, 1.257991246629454, 0.556697433198353
22.441361192084020, 10.904059163253173, 8.009336367242348, 0.962090339589242, 5.395768631297348, 1.664162762464670, 4.826007271412238, 0.999627240334520, -0.024684490129704, 0.011664318592552, -0.024607675529361, -0.999674842257045, -0.006683716286249, -0.011825509977743, -0.006394193099205, 0.999909631720975, 0.962090339589242, 0.475585422886801
63.962224296374160, 11.275015171042064, 56.337960817582491, 0.899240037317483, 1.783529073756699, 4.263185036050278, 4.653739378264898, 0.038966216623731, 0.979499998993833, 0.197639535349368, 0.999219494569441, -0.039478956607274, -0.001346721051913, -0.006483489370946, -0.197537753242975, 0.980273839500624, 0.899240037317483, 0.491442805940039
18.534858697938283, 8.814323818384750, 44.578911212190953, 0.823548937972871, 3.322430890201600, 4.318530074627382, 1.894374587975421, 0.984459562810398, -0.148847067326408, -0.093187551419103, 0.081548863678584, -0.082480831637316, 0.993250570221406, 0.155528621237031, 0.985414361048562, 0.069060734251552, 0.823548937972871, 0.480204014411804
12.935576103869961, 8.951827297234487, 16.003357243224471, 0.908448456541037, 4.430491948252793, 4.932945761415873, 1.669291228715343, 0.960106211547355, 0.279400984770989, 0.011452172596827, -0.037283474222978, 0.087314127859457, 0.995482890674675, -0.277138963514787, 0.956196283607683, -0.094247875927288, 0.908448456541037, 0.493678321749795
26.530332453704741, 10.683194818664871, 79.798396306043827, 0.875905273021570, 1.854506914280737, 3.835554037598999, 4.597316347030891, 0.103248754761706, 0.969152631260226, 0.223792028369061, 0.994348440908103, -0.106161204488125, 0.000988294114084, -0.024715839127623, -0.222425214359820, 0.974636420062992, 0.875905273021570, 0.474102807179675
12.729402542007474, 9.683195737807376, 68.875711271117268, 0.942952502967471, 4.596638248624112, 5.126992737479215, 1.731234720224859, 0.965506057281745, -0.260353525612675, -0.003754337932331, 0.008616625202077, 0.017536857360013, 0.999809087978331, 0.260237981705951, 0.965354080291261, -0.019175310757022, 0.942952502967471, 0.471029252297260
43.011598437673996, 11.922702757376433, 75.047132699358457, 0.962313016471373, 5.362058895857232, 4.595793069043098, 1.759732131769363, 0.723480293534591, 0.690317644651903, -0.006149337309836, -0.005774812439814, 0.014959069599975, 0.999871430623952, -0.690320879307867, 0.723351764855075, -0.014809046986953, 0.962313016471373, 0.521233090357153
1.350870662671888, 12.138817019908123, 77.716408067117655, 1.201652891571046, 3.781236754377086, 2.319812002599554, 9.625869619731574, 0.934515961656444, 0.355201106194828, -0.022629440278167, 0.355898426072233, -0.933285072336570, 0.048117398859767, 0.004028365504738, 0.053020259445737, 0.998585311508069, 1.201652891571046, 0.624334237936710
51.122178757368665, 10.328367429704270, 7.785466488831294, 0.907908489981163, 5.153716944996797, 4.184293957421811, 1.688779744915834, 0.495057728039499, 0.867202367334686, -0.053646062273811, 0.033524876219457, 0.042631754341410, 0.998528225037351, -0.868213066351134, 0.496127592067696, 0.007967672575519, 0.907908489981163, 0.479034356564680
5.107548016925678, 8.179261922007262, 21.793955449535407, 1.013997508797534, 1.657673340156329, 4.803083238841976, 6.372078643848474, 0.060032105342332, -0.996729387636531, 0.054098744438976, -0.998175498852943, -0.060293730038115, -0.003215526048569, -0.006466824401924, 0.053807006419214, 0.998530413278613, 1.013997508797534, 0.519424770294582
18.589760285549751, 11.801377652910965, 40.085099345990706, 0.928030198485910, 1.719328845233896, 4.548752160098781, 4.973070668218473, 0.133688277694661, -0.954940071948994, 0.264984722942826, -0.990384421963055, -0.138338101777778, 0.001125313035383, -0.035582877061047, 0.262587182822339, 0.964251953732781, 0.928030198485910, 0.509537302679696
