xis_x,xis_y,xis_z,local_bandwidth_mbe_silverman,eigen_value_1_sambe_silverman,eigen_value_2_sambe_silverman,eigen_value_3_sambe_silverman,eigen_vector_1_x_sambe_silverman,eigen_vector_2_x_sambe_silverman,eigen_vector_3_x_sambe_silverman,eigen_vector_1_y_sambe_silverman,eigen_vector_2_y_sambe_silverman,eigen_vector_3_y_sambe_silverman,eigen_vector_1_z_sambe_silverman,eigen_vector_2_z_sambe_silverman,eigen_vector_3_z_sambe_silverman,local_bandwidth_sambe_silverman,scaling_factor_sambe_silverman
27.014309260761891, 26.041252869805707, 21.564854687479269, 0.257567396813007, 0.851112302726714, 1.160065221786517, 1.065403591298409, 0.929516629896017, -0.368567096258810, 0.012535162627596, -0.238598173629705, -0.575125242468984, 0.782497199365954, 0.281193432155377, 0.730335026566809, 0.622527913175255, 0.257567396813007, 2.837920338444070
24.597675836283095, 22.605724351216324, 27.357825740410068, 0.235861220865000, 1.072329440991762, 0.844349644634677, 0.892133479406299, 0.468792263384309, 0.871057007975348, 0.146606625525764, 0.710684641010804, -0.273380463026017, -0.648220998940196, 0.524558056674723, -0.408072066297996, 0.747205483039922, 0.235861220865000, 3.641062527225872
25.898875542894221, 29.210852970493896, 21.986319121994192, 0.310235425810454, 1.533308787978075, 1.277814243355822, 0.938183048059240, 0.746291287446674, -0.642073967651677, 0.175471747997277, -0.384052357251840, -0.630681128275424, -0.674347908224340, -0.543647957018594, -0.435869630166260, 0.717261851995655, 0.310235425810454, 2.108881812764596
22.159109178992182, 27.167636936605838, 22.376816320168714, 0.268932284760526, 1.221317291632902, 1.088547996058036, 0.900665446487206, 0.703075528421740, 0.683654293220623, 0.195707967889660, 0.683866117853108, -0.725479580319382, 0.077501686382512, -0.194966495036993, -0.079348509126662, 0.977594946750630, 0.268932284760526, 2.605947350573280
24.912160948095551, 22.388063534975185, 26.170082183988082, 0.225257414761418, 1.050106786081307, 0.832381266823233, 0.804993344086537, -0.113007456009239, -0.785175019360693, 0.608875606226965, 0.980151561184588, 0.012366489417099, 0.197863556641718, 0.162887175657672, -0.619150433183593, -0.768193015520732, 0.225257414761418, 4.224374924840820
26.431377606894898, 21.384376368291811, 24.945605132214865, 0.250969106139169, 0.861316238229726, 0.998770635269276, 1.131209795419007, 0.509932733063916, 0.792046304138542, 0.335605810215558, 0.860125025786515, -0.463854200809451, -0.212189114723571, 0.012391439210687, -0.396865131363164, 0.917793288133219, 0.250969106139169, 2.810643041420929
25.892294755024206, 18.800294122706493, 29.373552879277074, 0.600634991093972, 3.035518545187142, 2.688974826409821, 1.634267056858333, 0.758362000265341, -0.648024352525714, -0.070367002829311, -0.384748531368886, -0.357870671266534, -0.850821456156770, -0.526170736703436, -0.672304262355126, 0.520721936023530, 0.600634991093972, 1.782386991197156
26.918376214241047, 27.551581343098235, 28.279369702378190, 0.274390728651071, 0.971642950614832, 1.162092759925902, 1.126345335850412, 0.696304488274498, 0.710854027714845, 0.099230090649824, 0.512264502149089, -0.395351483866595, -0.762418706513965, 0.502737644747969, -0.581707620275052, 0.639430297270313, 0.274390728651071, 2.389400766929923
23.951587803491005, 20.077427637146229, 25.445648788189590, 0.298402793091376, 0.915404309616241, 1.315071872351123, 1.358804497723342, -0.514694514308072, 0.653343116045897, 0.555186752054312, 0.841908430660807, 0.262701102004043, 0.471357958867906, -0.162110306037078, -0.710021762850478, 0.685265893617409, 0.298402793091376, 2.327804543065774
24.886847042507519, 23.842792241296134, 22.811269896067230, 0.218969787347587, 1.012386726409985, 0.852448101471604, 0.748943343604981, 0.518745675252533, 0.851746376354886, 0.073695554636044, 0.756495975272009, -0.497467587160713, 0.424546627735695, -0.398267201516829, 0.164481336603333, 0.902401865082921, 0.218969787347587, 4.694556766403449
30.394410420029317, 22.852246909981879, 23.226535662850289, 0.373535450663295, 1.209565999673991, 1.782088502503038, 1.488495076147591, 0.965483769655285, -0.122363798262496, -0.229930840486865, -0.258373458089068, -0.561539438176698, -0.786076723690057, 0.032927901350036, -0.818352344804469, 0.573772771282944, 0.373535450663295, 1.636873098333945
24.161145545582325, 22.258141961421799, 25.409958912480377, 0.225730957641366, 0.725946557528161, 0.983052925412219, 0.992207687875667, 0.936731048621564, -0.283956803485335, -0.204703386153564, -0.178172609616637, 0.116598845502563, -0.977066645838382, -0.301312900040376, -0.951721200237685, -0.058628434120299, 0.225730957641366, 3.945207676208414
24.289952056186472, 21.349790528521318, 24.849883466669947, 0.244670040053097, 0.853942708540804, 1.008052689187331, 1.047468997423493, 0.749462124445844, 0.654592776581748, -0.099069777773643, 0.436679607599559, -0.376297051800730, 0.817136126427399, -0.497611740544590, 0.655674328956896, 0.567867704680507, 0.244670040053097, 3.354574494976928
26.757110773773974, 24.871494250077198, 24.125212077381818, 0.212821838709548, 0.739099486109004, 0.919410540636275, 0.873266821399507, -0.271507496262880, -0.859717439492543, -0.432631024899334, -0.890454248291538, 0.053817688481496, 0.451879284882656, 0.365205300033575, -0.507926747315885, 0.780150952180725, 0.212821838709548, 5.409930932863080
25.051339574286160, 24.975077654270816, 25.025712321775924, 0.202508068789483, 1.008649233491151, 0.687951163476463, 0.736783666450965, 0.298308869625365, 0.906968584727699, -0.297354678153666, 0.119234331025509, -0.344509621752169, -0.931180054997462, 0.946992604304667, -0.242324383497020, 0.210912068301112, 0.202508068789483, 6.781222566923834
27.229623586637704, 25.068427759456434, 24.844276696532269, 0.216074346374704, 0.904035219460058, 0.813839176875527, 0.844104950216440, -0.527352401063078, 0.818554688372100, 0.227744741403751, 0.690947081275313, 0.569150971421584, -0.445712129750799, 0.494460894277932, 0.077687797458299, 0.865721104141481, 0.216074346374704, 5.204375429157936
25.133928582938804, 24.524784025108357, 23.295860144702221, 0.210505014110963, 0.913464802367834, 0.812159443429473, 0.774042816098063, 0.276731735446224, -0.908210799161002, -0.313962881379719, -0.562447432492865, 0.111827156567522, -0.819235968897977, -0.779148530306710, -0.403296207943191, 0.479874709043452, 0.210505014110963, 4.768918115520250
28.561543679451116, 24.421814018449723, 25.689449625552303, 0.243957323234719, 0.810479243488433, 1.016937992954544, 1.084466084142150, 0.880482456786847, -0.394677988435700, 0.262640302952435, 0.468307719431293, 0.637913500614017, -0.611354435377246, -0.073746343717221, -0.661283336534893, -0.746502394912181, 0.243957323234719, 3.178644442079839
24.182602913542077, 27.097638690650527, 25.663515544876009, 0.216567758613450, 0.816963196568296, 0.869355653622075, 0.880424655070940, 0.800078295053228, 0.457427423468310, -0.388117088059600, 0.007851650977589, -0.654903783037234, -0.755671480565760, 0.599844207575305, -0.601548989877519, 0.527565862632990, 0.216567758613450, 4.883646552482602
21.246338707677292, 25.480677673463337, 25.217388811478848, 0.246343943938603, 0.896689250525779, 0.983610346192321, 1.043449377744567, 0.970057395305613, -0.231186419155696, 0.074441180880327, -0.118247747110165, -0.181836525495282, 0.976193089659609, 0.212146459117896, 0.955765827801858, 0.203729139521003, 0.246343943938603, 3.055783416194330
25.195726319151401, 27.099101827691189, 26.357542968337828, 0.218945343203158, 1.009728466639273, 0.753462115925725, 0.849281926825646, -0.624941782261440, 0.682013191725536, 0.379875999631778, 0.422481311002231, -0.113724458616587, 0.899208701785186, -0.656473389131449, -0.722443599061347, 0.217066661506453, 0.218945343203158, 4.588595338625733
22.792359840147693, 24.102811913706187, 23.210961195868482, 0.227056488314570, 0.840656538056474, 0.896718619754230, 0.955955625401623, 0.482712124492374, -0.864556470904991, -0.139753760179704, -0.767347056808800, -0.340615686881583, -0.543285788749402, -0.422098921196124, -0.369490273845598, 0.827834185243985, 0.227056488314570, 3.593308173492107
26.173752025716158, 27.834018615650017, 26.116912004676983, 0.232903406414363, 0.776448892022460, 0.903907723557782, 1.108157054183720, 0.911437027381062, -0.408311540634438, 0.050638235588373, -0.406595810153640, -0.912688825813870, -0.040975046064697, -0.062947535966682, -0.016756879758205, 0.997876151983047, 0.232903406414363, 3.650649829729681
24.861244992498580, 27.815583296843069, 26.574440109215438, 0.231885064215263, 0.828752343999406, 0.945118188381315, 0.979982238346472, 0.175966792189157, -0.957317439648527, 0.229301129067100, -0.781717560004368, -0.277465644090946, -0.558507361392859, -0.598292022700850, 0.080969970322249, 0.797176592405058, 0.231885064215263, 3.871008890223607
25.174885517522597, 28.140659248897641, 25.327451517466812, 0.230409889292677, 1.002235352693826, 0.857356429034996, 0.876360883918568, 0.774854451519574, 0.574251464072690, -0.264264706252408, 0.616086601744822, -0.779635366405620, 0.112276420499106, 0.141555212234718, 0.249807829060556, 0.957892567269021, 0.230409889292677, 3.879655156773640
22.053494445606830, 26.209731156216289, 24.809675726820757, 0.231037184446523, 1.040799052763751, 0.803314483347417, 0.908037805272925, -0.646170028885052, 0.600360662691398, 0.471202046327727, -0.179940249301073, 0.480158040715055, -0.858527671434153, 0.741677693106757, 0.639543063936609, 0.202234687722989, 0.231037184446523, 3.740624533811784
22.869821127082712, 28.596764884015865, 23.744271741167864, 0.266046796442902, 0.900865673554653, 1.210102624225170, 1.063414616716527, -0.379171706183879, 0.738108663337204, -0.558054135668013, 0.646330927738401, 0.642844577017011, 0.411104830485655, -0.662182111717332, 0.204808327238878, 0.720810932225079, 0.266046796442902, 2.819929230425988
24.078132331501131, 24.097837839724534, 20.907931760478014, 0.263978809324988, 1.113613174012301, 1.038227846209784, 0.979469529026058, 0.554238530818205, -0.829799459784457, -0.065211252847200, -0.120679982898027, -0.002592268634991, -0.992688078840003, -0.823562986470501, -0.558055675255388, 0.101576919775324, 0.263978809324988, 2.606805392771570
23.857534327280284, 26.732345185528320, 20.956867267246526, 0.273605729735587, 1.003582740599924, 1.095854055983441, 1.146516809267429, 0.165599974363602, -0.948373307832475, -0.270489773340258, 0.073196960835045, 0.285339953333235, -0.955627184605116, -0.983472853420615, -0.138452807926301, -0.116670332827311, 0.273605729735587, 2.533700696425246
22.878121728859981, 25.294963652972005, 20.571320704472800, 0.291798187784283, 1.023163124347628, 1.153205803515809, 1.296303931231734, 0.683162051660481, 0.652694560496197, -0.327535374989815, 0.059857688896926, -0.497053880803019, -0.865652642032921, 0.727809499973009, -0.571775524377648, 0.378637136942091, 0.291798187784283, 2.139164915864998
23.926146149020042, 23.829975321300481, 27.283527946026542, 0.223085692567308, 0.859636994691750, 1.003827980161692, 0.792048043975994, 0.997002988245683, 0.076966273949575, -0.007825222265087, 0.015927927257125, -0.105233314540568, 0.994319994088471, -0.075705630982581, 0.991464644949645, 0.106143842272665, 0.223085692567308, 4.161476473636307
22.342602207219500, 23.649773712444734, 22.429518970745992, 0.250676579602472, 1.109097044512374, 0.929462121324122, 0.940699261270077, 0.428280604083650, 0.831482933629346, 0.353852872319668, 0.249612051776757, -0.485203557821506, 0.838016307171376, -0.868486930110949, 0.270580188780496, 0.415351433927909, 0.250676579602472, 2.817972052868521
26.738775711936032, 24.920076818084620, 25.751354042102292, 0.212037355082144, 0.935694940639029, 0.810586513301996, 0.773774201392822, 0.080415542099443, 0.991334462452806, -0.103871671509889, 0.510155301150273, -0.130459394848680, -0.850130528215515, 0.856314725610349, -0.015373023421627, 0.516225494191977, 0.212037355082144, 5.074018626642738
24.448152828375328, 22.586515309718269, 24.744583902189998, 0.218941009957468, 0.960984096376297, 0.786162935138055, 0.855191453672824, -0.308145807885276, -0.943339520447905, 0.123112591735559, -0.630753029946787, 0.299464467377582, 0.715871250988060, 0.712177489321081, -0.142939084715753, 0.687292981024064, 0.218941009957468, 4.799614563955081
25.532631821614782, 25.235306211882115, 24.795043332710147, 0.203582503211081, 0.891264195510446, 0.789376307538436, 0.738314790300505, 0.292253018741413, 0.950396898452063, -0.106460830586793, 0.429047288955455, -0.030810462448168, 0.902756411909494, -0.854696786513502, 0.309510017311926, 0.416769663371826, 0.203582503211081, 6.010841112058501
25.061513563779478, 29.990940373871947, 24.765258252264015, 0.294899313763525, 0.927892068839728, 1.416618960165799, 1.201106559563961, 0.567408363671999, -0.767537025838396, -0.298219152306172, -0.768108549347764, -0.362838530227369, -0.527595922464642, -0.296744006264553, -0.528427019511295, 0.795429368200893, 0.294899313763525, 2.118496328200270
25.098436802052348, 26.437913676618880, 26.315310927567701, 0.211860322944980, 0.971890459701675, 0.801046640121216, 0.751942329305624, 0.057463532958070, 0.980456469918537, 0.188156990236498, -0.198658049873244, 0.195929026040197, -0.960284747340860, 0.978382809334126, -0.017802453477552, -0.206034344344925, 0.211860322944980, 5.279239396660674
26.189531455125991, 27.818717627832644, 24.775513301895188, 0.228799922641109, 0.979720781535207, 0.921393653050829, 0.816828437226665, 0.965696778907217, -0.256871028523680, -0.038039530930483, -0.057894935207622, -0.070179872181316, -0.995852881713920, -0.253136144565587, -0.963894216315152, 0.082644008062711, 0.228799922641109, 4.251377199595249
28.461582601593527, 24.861937780784871, 24.000843761999040, 0.242404393757989, 1.030694742701189, 0.926715174115180, 0.918027927230394, 0.077914263235497, 0.931284069444179, 0.355864229143586, 0.605111518720454, -0.327855364681291, 0.725500454694223, -0.792319012454135, -0.158810710750841, 0.589075326808480, 0.242404393757989, 3.271875255845381
23.810425678547574, 22.861741163384707, 25.370882111640885, 0.218537962896808, 0.774050911638566, 0.850421515128388, 0.976085073816647, 0.617538330916478, -0.750171090335147, 0.236410120498822, 0.756378819850466, 0.483959665278768, -0.440084222922022, -0.215725498563586, -0.450584484429546, -0.866277167920783, 0.218537962896808, 4.365374485264798
25.750971626946757, 25.713570435463904, 25.687064936302054, 0.206181804352433, 0.976181159184457, 0.783878078645318, 0.705152147314860, 0.524202728292730, 0.781165170254696, -0.339105406078123, 0.804985292168274, -0.584462355425269, -0.101992325610827, 0.277867196774317, 0.219510209037523, 0.935203234107478, 0.206181804352433, 5.820536758798160
26.270103066950419, 25.184723883592685, 23.162992974081877, 0.215882217373482, 0.925841183383993, 0.851584580665820, 0.785592071448204, 0.364836880399122, -0.872017096375941, 0.326313092487426, 0.758624467233976, 0.075220653336532, -0.647171361407155, -0.539799007422764, -0.483661076519184, -0.688976773662002, 0.215882217373482, 4.776934374886519
25.564230233435612, 24.126149115292158, 27.705307125240154, 0.225588413297089, 0.777970855910989, 1.009515793840259, 0.899880184562252, 0.936843144039555, 0.202076073492762, -0.285464855959238, 0.147901700347940, 0.510729943466095, 0.846923852469222, -0.316938496399962, 0.835655542295309, -0.448586451122707, 0.225588413297089, 4.205850830548343
25.087002511211040, 26.401040256937851, 21.516209382137305, 0.245920409219189, 1.206815633143163, 0.811433751570773, 0.934976054935232, 0.528070813552291, 0.700283811664904, 0.480357990455341, 0.822135483589019, -0.279918556908154, -0.495720534295591, 0.212683949789519, -0.656694894618901, 0.723544990227560, 0.245920409219189, 2.994087315998266
28.491127315148795, 22.897491835179924, 23.524323250136074, 0.265626101051251, 1.136127324058344, 0.997594857677103, 1.017985991840647, 0.840808934465939, -0.534427241748948, -0.086185027695442, -0.034471512408446, -0.211745047956589, 0.976716821549694, 0.540233329733114, 0.818261301750531, 0.196459643446179, 0.265626101051251, 2.564105592995503
28.189341458173899, 30.564324607683716, 28.792303163588258, 0.548411970509775, 1.646415073241044, 2.297586290262144, 2.684234033828901, 0.319890530653718, 0.945065715005573, -0.067237212309019, 0.792053141949782, -0.305691253561114, -0.528398218982343, 0.519924868346918, -0.115774141401438, 0.846330006237046, 0.548411970509775, 1.812250586733022
26.361681191676968, 21.441414367828223, 25.007205095005112, 0.248574814589057, 0.853018484089333, 1.008833920086184, 1.098762983673674, 0.439251659683633, 0.898123882847992, -0.020771868553926, 0.898036243691586, -0.438349410089862, 0.037157767561808, -0.024266942153497, 0.034975501882286, 0.999093504025825, 0.248574814589057, 2.895827085190890
25.062078013514917, 24.048458684947363, 28.179634012921234, 0.234170774903492, 0.959166289131413, 0.902025806851159, 0.913683906708456, -0.284907929585750, -0.923090285881883, 0.258324980924542, -0.750680776461942, 0.382451566444639, 0.538710656265994, 0.596075367306565, 0.040436659537426, 0.801909616512857, 0.234170774903492, 3.501455173923660
28.127279908747020, 24.110241498481280, 26.749899575318370, 0.244571897613523, 0.846505266162021, 0.977550802336738, 1.088332064655871, 0.561645572310659, -0.792385449616190, -0.238074673874355, -0.684507472917004, -0.606644585785784, 0.404267072685337, 0.464762058073385, 0.064090918025436, 0.883113007265802, 0.244571897613523, 3.423720135383348
21.146744490650249, 29.019420261846832, 24.202011004100541, 0.333111198850161, 1.631065870844644, 1.305575702170323, 1.068574747469927, 0.533010157967981, 0.703065389909947, 0.470743272935177, 0.656308325100560, 0.007588823058944, -0.754454632279687, 0.534003327617577, -0.711084711743513, 0.457382748710530, 0.333111198850161, 1.943315253949967
23.139686490776189, 23.662494927400878, 21.601088829840357, 0.256800123785112, 0.856085455464556, 1.135398959937869, 1.072582831887883, -0.170804083201176, -0.874406042132999, -0.454136585889214, 0.017408854186166, 0.458159517277497, -0.888699492811814, -0.985151205124234, 0.159699499715421, 0.063033109021480, 0.256800123785112, 2.689280556772111
25.218577439071158, 28.133901630245447, 25.354268851349236, 0.230419595385625, 0.997630435557622, 0.885513792884173, 0.852518818613623, 0.786297811108588, 0.617843023049813, -0.002398148142033, 0.617821985452396, -0.786223795310083, 0.012171194677056, -0.005634406579455, 0.011051812379665, 0.999923052492351, 0.230419595385625, 3.864367817663660
23.924797131144519, 26.573265128169510, 27.077631711374881, 0.223935847014583, 0.965161425185038, 0.865441673668296, 0.827644560298094, 0.021092507656813, 0.999130953635487, 0.035950571736611, 0.999531590095257, -0.020276142277737, -0.022923316862519, 0.022174456529839, -0.036417242369171, 0.999090625486913, 0.223935847014583, 4.171330120732775
28.477340688447864, 26.371439134454398, 24.360575898490993, 0.247024847986946, 1.087279841342322, 0.951715368977842, 0.896776603278234, 0.806430327528576, 0.582043423606843, -0.104381894398300, 0.488647043736069, -0.556524314652116, 0.671941034503023, -0.333007797941960, 0.592879532651463, 0.733211883614027, 0.247024847986946, 3.128354629512294
28.347194737779319, 27.645535755703158, 26.607502930953178, 0.273875353887959, 1.130337648984355, 1.060448285776106, 1.055047307069293, 0.613074333391745, 0.767933467299268, -0.185521027212530, 0.692423086623173, -0.635373251862741, -0.341834901565952, 0.380381559552387, -0.081111162111578, 0.921265894589289, 0.273875353887959, 2.603142009283184
29.280347727181283, 21.274808964751440, 28.637298996876616, 0.452827823356391, 1.206532170562179, 2.119763683866345, 2.235031882841958, 0.712658986770165, -0.619166512341936, 0.329772646788731, -0.542595974618989, -0.188556903885719, 0.818557207728514, 0.444642302196935, 0.762285460960234, 0.470334029287329, 0.452827823356391, 1.741103283838851
27.416170120717158, 21.405125883425143, 26.020012843851873, 0.270718547149757, 0.864302415272358, 1.269524093802690, 1.113161361906174, 0.314333789025620, -0.921474650675697, 0.228207662533272, -0.694923863517968, -0.059580569966687, 0.716610758777528, 0.646741906010471, 0.383841925595091, 0.659082910691360, 0.270718547149757, 2.437713112073054
23.212054580369827, 28.380128343804927, 28.815779002320490, 0.316649647438492, 1.449865961541691, 1.114207335461251, 1.209912391775593, 0.348863362765419, 0.700081350374715, 0.623041296366075, 0.740051835730518, -0.613677676124133, 0.275178106430675, -0.574993595226844, -0.365083295542810, 0.732186146252242, 0.316649647438492, 2.052458586736248
25.287415942067575, 24.681476882138181, 22.073515815690957, 0.226952709528042, 0.823837618844929, 0.958486364575624, 0.911358657601908, 0.964044702997207, 0.259976983968970, -0.055043423125957, 0.253263304309155, -0.961579134007071, -0.105939925111453, 0.080470549354617, -0.088190344418250, 0.992847900656468, 0.226952709528042, 4.184685799524465
24.543084246634745, 23.998431973172018, 24.555659613951033, 0.206047354930248, 0.902243930743518, 0.824211940183964, 0.724184167728047, 0.356549779736864, -0.930884746046990, 0.079535175530228, -0.898893819041438, -0.365007575457720, -0.242403324951570, -0.254680499172381, -0.014935174438468, 0.966909915093335, 0.206047354930248, 6.082025964374195
23.693297160033730, 25.817487357055697, 21.270730788003526, 0.254505309338726, 0.825398570122258, 1.151444045250920, 1.067811898002327, -0.249184777844145, 0.904698510672844, -0.345582915198512, 0.787929732001241, -0.018089977564771, -0.615499382729308, 0.563092962057969, 0.425668130705182, 0.708331108015693, 0.254505309338726, 2.803163773042451
24.811670983675626, 25.938084424640845, 27.067097313812759, 0.215757804433168, 0.966979122366879, 0.817948311440324, 0.781749028406000, 0.172784400614329, 0.764827453017800, 0.620632353341858, 0.897807677130467, -0.381436639408933, 0.220107848569775, -0.405076444378024, -0.519177288820231, 0.752574260112139, 0.215757804433168, 5.433234966699709
25.765690834832547, 24.500404025184164, 30.510391361784073, 0.330935445785935, 1.104559492709187, 1.469980648893181, 1.374168198334991, 0.826825072076141, -0.542193275392261, -0.149622031484993, -0.440286445633059, -0.789446155739292, 0.427694532324487, 0.350011636918105, 0.287752010084841, 0.891454224687977, 0.330935445785935, 1.991462055073635
25.433420939968787, 27.531240429781246, 23.745608342911371, 0.224605947572472, 0.805908087317766, 0.896453575262531, 0.965519845400803, 0.464698101854460, -0.864554751250488, 0.191313241107533, -0.642485269451872, -0.180538625082764, 0.744727120085323, 0.609317940545178, 0.468989218365872, 0.639359648700441, 0.224605947572472, 4.608602978303695
25.694443803912726, 23.866231623484953, 20.503754159490736, 0.281007034896787, 1.316695629128278, 1.054121684355607, 0.984206438495714, -0.424177014569057, 0.845995513051623, 0.323056422638218, 0.886295700350572, 0.314602179875608, 0.339860853817565, -0.185886502606755, -0.430484680696116, 0.883249199170082, 0.281007034896787, 2.451756978501899
26.649148238861962, 25.968482921376154, 24.530003524240392, 0.212673664185712, 0.938490880447481, 0.751163367755898, 0.840015789563226, -0.659015902683327, -0.751811044304472, 0.021867639842896, -0.105653889051074, 0.063748833897539, -0.992357466795654, -0.744671266894905, 0.656289752958648, 0.121443255978313, 0.212673664185712, 4.897875874328419
29.381713849765895, 27.107078849477990, 20.516403242592528, 0.427338290713604, 1.252960161799620, 2.116608593224793, 1.811541859219012, -0.577097254505765, -0.810094093299638, 0.103471343100132, -0.561344088553281, 0.485496684211163, 0.670213237608936, 0.593170779024216, -0.328695192573609, 0.734920333975597, 0.427338290713604, 1.757486824450880
24.259837789520475, 26.006876434836354, 23.023282971172172, 0.216677591527334, 1.025026272028580, 0.873266140498318, 0.699634385890413, 0.361377514267742, -0.928751047424246, 0.082630406570672, -0.776901395819346, -0.348921359578696, -0.524097420336817, -0.515587541893343, -0.125201344793580, 0.847640318712046, 0.216677591527334, 4.496241820180366
24.451980534485163, 23.258828710725798, 21.231371045446256, 0.260275635538202, 1.166975783389041, 0.917598015365035, 1.013670955919119, 0.934410973574624, 0.347304287451036, -0.079094022412898, 0.254726085573322, -0.496328045049899, 0.829923546494157, -0.248979424434663, 0.795636979793596, 0.552241833432700, 0.260275635538202, 2.857723484382538
23.672848224383685, 26.480289000856111, 24.237781646176490, 0.213789897853684, 1.016748445410273, 0.829225166280717, 0.713487409692037, 0.574606476472906, 0.653774075366524, 0.492348307170888, 0.459284959233447, -0.755505226857308, 0.467192870678929, -0.677410306547902, 0.042323877066444, 0.734386795913940, 0.213789897853684, 4.645847980691321
21.601233784302494, 24.515817779180534, 23.246427679244253, 0.247887536605805, 1.079370107239420, 0.946259368011393, 0.918109037405300, -0.587559651815446, 0.592024490860521, 0.551616404560139, 0.685265220755379, 0.726582744810350, -0.049890802428305, 0.430331538213962, -0.348689714739624, 0.832604497978005, 0.247887536605805, 3.079869691933657
26.466691571930451, 24.426112850631114, 24.913963576630675, 0.208871087015000, 0.978886490482737, 0.790531410611557, 0.724927009147123, 0.539779177509494, 0.839719670376376, -0.059239469192131, 0.831562627347769, -0.542833681757386, -0.117623087649470, 0.130927599556582, -0.014229164863463, 0.991289813597234, 0.208871087015000, 5.749976226695139
21.855060603577371, 24.609083057006966, 26.520401018568808, 0.238627343983505, 0.780528742014823, 0.987385181651609, 1.085415158952087, 0.830359706189586, 0.379138961856987, 0.408358183386536, 0.090610812584002, 0.631213980966296, -0.770297728722829, 0.549811275784348, -0.676625862522774, -0.489780566361815, 0.238627343983505, 3.596356207484090
20.163166616216323, 24.114241602363165, 30.040731591097558, 0.480329612797516, 1.288448400896481, 2.183641497274627, 2.424825454630133, 0.605894082409141, -0.650191007363643, 0.458414675643173, 0.305532579691173, -0.341856209952325, -0.888698022088656, -0.734535365825800, -0.678517491049776, 0.008474118873114, 0.480329612797516, 1.950046158172495
26.504061426880654, 25.581003121591145, 23.351603848834728, 0.216521839436174, 0.957716743287016, 0.843286738864273, 0.773755124967976, 0.800518152788047, -0.424243583863498, -0.423306116902965, -0.298647679353025, 0.329991090923478, -0.895497316315457, -0.519596238125205, -0.843281246952515, -0.137464496741331, 0.216521839436174, 4.844705978334573
26.057189809923781, 23.821387329169220, 23.800863503518343, 0.212786932481608, 0.773344776951992, 0.881243800276325, 0.870314854081098, -0.684593364986934, 0.728318409060444, -0.029735830903644, 0.551342738581766, 0.490695260173802, -0.674714270084843, 0.476815592476824, 0.478299547006505, 0.737479785556423, 0.212786932481608, 5.001622919271846
22.540390501009689, 24.095840950067814, 23.355828790354735, 0.229261385013342, 0.834766909274787, 0.970689603568060, 0.915499049428974, 0.421918197884061, -0.825584613822599, 0.374693314209978, -0.639968381664477, -0.563938569031472, -0.521932716763842, -0.642203631852091, 0.019578962641727, 0.766283993998216, 0.229261385013342, 3.710444570929474
25.049669027820254, 26.215198833513050, 25.313023729143030, 0.206133192215159, 0.744169510658619, 0.833513233461808, 0.869301002247615, 0.204335622457365, 0.974032817196580, 0.097503971298897, 0.934852479820619, -0.223713417133622, 0.275686684422077, -0.290340824494595, -0.034819219096540, 0.956289614924948, 0.206133192215159, 5.903975585000622
24.665507705552280, 27.398487116787518, 22.454084844977430, 0.238690046431204, 1.052163663332627, 0.846145182048497, 0.940341292464890, -0.520765229637925, -0.704313410324314, 0.482437763486125, -0.397622102182242, 0.700184253232072, 0.592991294524651, 0.755447046096770, -0.116981329976968, 0.644682192231556, 0.238690046431204, 3.001813969078044
25.453655806719858, 27.787695082258637, 26.566768354415466, 0.231851693891042, 0.747294252283939, 1.066694584277886, 0.962520201064888, -0.346168087274134, 0.867902573073953, -0.356248198598363, 0.885194160979344, 0.176358016490759, -0.430498719379653, 0.310803720571429, 0.464373743520299, 0.829311807228078, 0.231851693891042, 3.757794072926079
24.871915343435660, 21.761129630621607, 21.483120217331763, 0.284275539939935, 1.213870824461842, 1.159916402620969, 1.004454067585273, 0.751639023536345, 0.646923660488271, 0.128563431028370, -0.333624602610018, 0.541044782508722, -0.771987802917505, 0.568975748895010, -0.537364234779862, -0.622500021163708, 0.284275539939935, 2.290222858576056
23.454832723940672, 20.068340101435872, 26.001467014012757, 0.310909799363202, 0.985718416194402, 1.338407281232181, 1.402403012606340, -0.293483644918918, 0.941591891014244, -0.165142547338133, 0.938231330658312, 0.316828116683035, 0.139075212206254, -0.183273894311873, 0.114125611741197, 0.976414883340303, 0.310909799363202, 2.081653095721046
24.576448635019620, 23.194254267589809, 23.340497316901327, 0.218942773746816, 0.995543207742552, 0.808878166363987, 0.802341740972141, -0.129975004420827, 0.867822215989615, -0.479573872996308, 0.398387446599645, 0.488625358455137, 0.776229799393455, -0.907961420225342, 0.090165739111160, 0.409238559855884, 0.218942773746816, 4.570026749042113
27.817166884447129, 25.538885075208192, 22.825831039551638, 0.241720251537930, 0.749992113458694, 1.098121935192606, 1.055705088574717, -0.105410283264651, -0.964734303538563, 0.241197835309584, -0.925154444396648, 0.184082592268061, 0.331968150937707, 0.364661385665106, 0.188152392490327, 0.911932426775674, 0.241720251537930, 3.406777665721827
26.877158209779164, 24.611080852515872, 18.715155167214810, 0.424667427867448, 2.257102795347243, 1.685812374938387, 1.239073431327860, 0.650932898864928, 0.735058122414205, -0.189673186951149, 0.758719659902683, -0.638209082494124, 0.130513005862121, 0.025116505578185, 0.228863985141640, 0.973134336796636, 0.424667427867448, 1.765081721155147
22.271735096587271, 22.894639866073117, 25.569561254972641, 0.238217743486697, 1.135830976604524, 0.886434997680560, 0.826556379510113, -0.440962435828686, 0.843445317366212, -0.306842185497760, 0.336641033771149, 0.472345592817743, 0.814593429464752, -0.832000567649761, -0.255909432336255, 0.492224966729453, 0.238217743486697, 3.552910649641110
25.455128606224655, 20.339068050846578, 24.984487409873648, 0.280268946869745, 1.237288079114727, 0.991652481835416, 1.104600864562322, -0.855633037985723, -0.459976539390792, 0.237305051605300, -0.357695570147894, 0.194124267698897, -0.913438365620221, -0.374093549000642, 0.866451009521276, 0.330630707430005, 0.280268946869745, 2.390053883162734
23.040015195736892, 27.497666821078241, 24.388310684960256, 0.232044767008920, 1.003493769278658, 0.925500969975131, 0.828198698329483, 0.661007405052824, -0.746821445610234, 0.072985881113906, -0.680202010704476, -0.555276591507266, 0.478532268042252, 0.316850808897374, 0.365958515819368, 0.875031387780099, 0.232044767008920, 3.695070394470192
22.454630249014592, 25.288815401723152, 25.143162458724568, 0.219365656066054, 1.062518470335334, 0.744772776745254, 0.821214085044226, 0.880453167550510, 0.464994568797883, -0.092640545868130, 0.033620346688738, 0.133668678589417, 0.990455630834965, -0.472939628323535, 0.875164404756404, -0.102055732854978, 0.219365656066054, 4.495613200636146
22.207265285223215, 24.261565621914158, 23.133314434233057, 0.236982535205841, 0.976756874232900, 0.933325700784100, 0.898752451078605, 0.961273555169113, -0.273432126929730, 0.034467725414060, -0.232771772350257, -0.738571046554055, 0.632716454021048, 0.147548141735012, 0.616236708704320, 0.773616096468922, 0.236982535205841, 3.385288606994328
29.107837298224350, 25.019129396092591, 22.725882638948285, 0.280862039280301, 1.207060893228065, 1.083665953314807, 1.042714208816524, 0.712984233046714, 0.561923467383786, 0.419398974998952, 0.001130947909062, 0.597210681937010, -0.802083613058613, 0.701179152844418, -0.572347288089770, -0.425166293857674, 0.280862039280301, 2.314910447226515
20.424125838660238, 20.953409710837697, 20.841978812052680, 0.538773733469345, 1.456998640627934, 2.905687427870366, 2.274164986499422, 0.589274989346431, -0.608383978252745, 0.531623853806549, 0.357144702620018, 0.786375822595659, 0.504044370097970, 0.724708664444702, 0.107154097646162, -0.680672719474208, 0.538773733469345, 1.858050545880649
23.285018517458287, 27.629750723787886, 24.438920463720152, 0.231118903874152, 0.820093679888743, 0.920355764661408, 1.006926964967157, 0.725156304476402, -0.567452838391841, -0.390058470333834, -0.469709173841104, 0.006572843275385, -0.882796743163897, -0.503509310825168, -0.823379665726766, 0.261771465175341, 0.231118903874152, 3.698493847184484
25.535815360938685, 22.812632205185803, 21.594468165761661, 0.256568238130445, 0.989191033728818, 0.918168966816015, 1.144765836501934, 0.925508559712733, 0.378644714966319, 0.007879449634172, 0.330136484856311, -0.796396944191959, -0.506716694661256, 0.185590428808117, -0.471571932063164, 0.862076623987122, 0.256568238130445, 3.011971616950755
25.200396094262434, 20.738461679213177, 23.729721712390905, 0.270596244006055, 0.827728016244317, 1.113671842870577, 1.323217279188171, 0.662365527237420, -0.676637371170495, -0.321611219118638, -0.725904992141862, -0.685816679054208, -0.052128927809624, 0.185293957567479, -0.267987594239992, 0.945435771812365, 0.270596244006055, 2.636399447469982
25.531691424064988, 27.180475773524915, 22.027513065992217, 0.244655734283918, 1.031380621862342, 0.901414704500959, 0.969690984487330, -0.883803276786940, -0.461851615156120, 0.074731877524588, -0.308444686148682, 0.455079418440745, -0.835323050381273, -0.351786360632854, 0.761311899611005, 0.544656357700316, 0.244655734283918, 3.062998340138924
23.553729085833520, 24.599559568412495, 21.530872151813959, 0.246528526964641, 1.164368050566024, 1.018658206539697, 0.777666765855855, 0.718937996964540, -0.693932539580607, -0.039821941587831, -0.693727938132305, -0.719930998064263, 0.020997758949333, 0.043240078345396, -0.012529506670374, 0.998986139587172, 0.246528526964641, 2.930597544623133
28.425138316339904, 24.920010873781312, 26.768420079614568, 0.249223438857148, 0.853338271033302, 0.954367824490209, 1.170146952075533, 0.817396388486630, 0.571399626761256, -0.073250328505140, 0.260595858010320, -0.253359117712855, 0.931610946833295, -0.513763508705006, 0.780584155622480, 0.355999203811273, 0.249223438857148, 2.997202173544606
21.215665726431126, 22.884186371171609, 23.001971748419741, 0.283234349821875, 1.185816363127769, 1.080660346385514, 1.091545585207344, 0.474986637551703, 0.778222198573671, 0.410801538208523, 0.416564222894499, 0.212365255849047, -0.883954323657320, 0.775152850960137, -0.590991715470979, 0.223308866579544, 0.283234349821875, 2.299201712762314
22.498900114302682, 25.608457895735672, 23.963125334739480, 0.223120722861841, 0.756221435240477, 1.001309832028298, 0.903052556801549, -0.400243762695874, -0.813578927682466, -0.421775128301917, -0.664553707430757, -0.059234786030250, 0.744888991772590, 0.631009746646662, -0.578429398072920, 0.516958539035690, 0.223120722861841, 3.959356578138612
24.533557735445733, 25.665019273361736, 25.811881993061135, 0.205364761751870, 0.666187179089385, 0.857311075539667, 0.933584941453589, -0.345326843640857, 0.827684650162132, 0.442365788626373, -0.327585763608671, -0.548022971782385, 0.769648224762278, -0.879452635758156, -0.120867457509424, -0.460384751238831, 0.205364761751870, 5.664739517939090
23.676453221842067, 29.878202833927439, 25.982864140210044, 0.302661832949923, 0.914449965008623, 1.443685122388197, 1.292859439678520, -0.217867890631226, 0.908591475317087, 0.356363737230684, 0.975924985164077, 0.198998632685160, 0.089274674583181, -0.010198311840506, -0.367234360008097, 0.930072534410649, 0.302661832949923, 2.074652253126693
25.228212630588679, 30.697753206645146, 24.025244028047155, 0.345730595758062, 1.709558081641386, 1.291980528789131, 1.151819377124975, 0.738885105262108, 0.666300951113333, 0.100458169241090, -0.028658762233008, 0.180024477913309, -0.983244558947220, 0.673221714273295, -0.723625752649468, -0.152112765846315, 0.345730595758062, 1.792571003159581
22.221446416307785, 24.938064363176085, 25.391462738608670, 0.223402901444876, 1.011336168464854, 0.779885364473077, 0.870263729986949, -0.725859152884256, -0.678543808931395, -0.112724396361327, -0.241993028098097, 0.098511003039839, 0.965264190070262, 0.643869446802739, -0.727924365329915, 0.235707984236800, 0.223402901444876, 4.297283161534193
30.813479712021191, 28.724058309481496, 24.838839824980003, 0.462557869028200, 1.183681331328911, 2.163366569999535, 2.379271891562402, 0.854516793936289, 0.469794905415002, 0.221571197873181, 0.516646801652621, -0.812789545625282, -0.269163959073956, -0.053638896548715, -0.344479174070594, 0.937260351988004, 0.462557869028200, 1.899213161889596
24.136870242556505, 24.975594798546524, 23.365866399126645, 0.211058563713670, 0.676215352669440, 0.861819688916862, 0.993157810739201, 0.416594848848966, -0.849878633952311, 0.322730598896140, 0.663870096752996, 0.526934264157581, 0.530675772853705, 0.621067811554966, 0.006825599465465, -0.783727111080293, 0.211058563713670, 4.979467734340179
26.855108719071787, 25.924357007539122, 23.694407279397364, 0.218579625069114, 1.005782816958807, 0.902556292342324, 0.708208745826372, 0.489261046362709, -0.844801712772894, -0.216641857931591, -0.307618560179148, 0.065276166020699, -0.949268056758967, -0.816084830115947, -0.531082939140039, 0.227939601230243, 0.218579625069114, 4.589480892668551
26.353316098664791, 22.427167583159580, 30.711922545412907, 0.407832248579169, 2.016559670692438, 1.728566512767661, 1.198004045205758, 0.659019862048752, -0.752014474729246, 0.012924829706390, -0.646049608281750, -0.574790494078659, -0.502230815020154, -0.385113911803041, -0.322630001262293, 0.864637008935688, 0.407832248579169, 1.688919005893001
25.064300902304947, 26.236464756348376, 22.543853174534682, 0.222989745926920, 0.820025274574135, 0.878392250376659, 0.947653803280782, 0.786297346190688, 0.582310017985582, 0.206522459619074, -0.062574791432989, 0.407596584558354, -0.911015597963878, 0.614671358410817, -0.703406047180429, -0.356930040679410, 0.222989745926920, 4.066075093595052
28.979215082264975, 24.931637936150445, 28.526476449596768, 0.314356855547765, 1.033105102701424, 1.458773444061961, 1.268957912993364, 0.941677335664791, 0.191755850752190, -0.276538404561760, -0.015161013144736, -0.796756838630654, -0.604109827577495, 0.336175458913475, -0.573069135268677, 0.747380644000582, 0.314356855547765, 2.077725939590160
25.163574439394488, 25.321853440565963, 22.880824001637144, 0.214376662695515, 0.927404689174258, 0.823535809661679, 0.794129825408161, 0.862534293531225, -0.504277142329846, -0.041703191799132, -0.498121814176614, -0.831732943339883, -0.245142752706610, -0.088933968336002, -0.232217300576034, 0.968589631675454, 0.214376662695515, 5.009649643349746
24.785624920584485, 25.884223932164261, 24.880944938473100, 0.204280199753452, 0.930547772600678, 0.798117026856421, 0.706617416011809, 0.445783602176135, 0.893161866339974, -0.059488322778204, 0.478414454615808, -0.293894679636444, -0.827493520757747, 0.756568958949235, -0.340422968962857, 0.558314976117411, 0.204280199753452, 6.096213636513171
23.270402352974685, 21.826604731667246, 25.678539149185276, 0.243096456733771, 1.075594341494361, 0.890417351722009, 0.923431167537407, 0.794766000488090, -0.550621005900621, -0.255271448323453, -0.604488784811236, -0.755741936910933, -0.251887740534441, 0.054224657726917, -0.354500539710588, 0.933482219348232, 0.243096456733771, 2.996159313663709
