xis_x,xis_y,xis_z,local_bandwidth_mbe_silverman,eigen_value_1_sambe_silverman,eigen_value_2_sambe_silverman,eigen_value_3_sambe_silverman,eigen_vector_1_x_sambe_silverman,eigen_vector_2_x_sambe_silverman,eigen_vector_3_x_sambe_silverman,eigen_vector_1_y_sambe_silverman,eigen_vector_2_y_sambe_silverman,eigen_vector_3_y_sambe_silverman,eigen_vector_1_z_sambe_silverman,eigen_vector_2_z_sambe_silverman,eigen_vector_3_z_sambe_silverman,local_bandwidth_sambe_silverman,scaling_factor_sambe_silverman
21.198730770336994, 9.507977919908582, 10.221110832569900, 0.368664660538951, 1.771022849011324, 2.236778739698957, 2.022053554294019, 0.832226515318835, -0.464561088735489, 0.302625217113785, -0.552891329016067, -0.654666751138404, 0.515482902968405, 0.041354630927097, 0.596317398527650, 0.801682826755133, 0.368664660538951, 9.406139293061667
24.547162759788595, 9.277612446720244, 8.330333953039915, 0.362782961863796, 2.172268149677262, 1.796924962905747, 1.955431411670750, -0.667163524463864, 0.615871917887883, 0.419040108321454, 0.533133598242416, 0.001895247940358, 0.846028944221377, -0.520251283564056, -0.787844012982485, 0.329606451935647, 0.362782961863796, 18.198958572489250
23.745547856986420, 8.485727120713245, 11.491219933093745, 0.363970997262816, 1.754973730384390, 2.119171141741269, 2.072569018243924, 0.829230476302098, -0.548890711209608, 0.105336623828590, -0.543760974102556, -0.748723092147369, 0.379127596368718, 0.129231653300709, 0.371662102497810, 0.919329354122924, 0.363970997262816, 15.266482000106137
25.381176170938257, 10.503978192058076, 10.999245357265979, 0.362216939248086, 2.193982703641220, 1.916917883594746, 1.806403965660340, 0.852632610190912, 0.470673956186336, -0.226900107992337, 0.453641005754508, -0.451327302898056, 0.768448764431830, -0.259282606314172, 0.758135669010943, 0.598333383187217, 0.362216939248086, 19.290187952913850
22.203262884349915, 11.370933971996893, 8.340952970150248, 0.368427905821430, 2.341057691590424, 1.990179733610566, 1.715925602035389, 0.315903747524611, 0.939311777566125, 0.133784180026909, 0.945778693029431, -0.300526931650284, -0.123232411176631, 0.075547906069245, -0.165459807441055, 0.983318649274039, 0.368427905821430, 9.800846553586993
27.370275661711162, 11.335695699885026, 8.709074428741280, 0.378900402473426, 1.483766206886860, 2.192671388090169, 2.672892495877042, 0.797210760980588, 0.594516372072794, -0.104906081397383, 0.489618151740408, -0.535065268352771, 0.688461490636103, -0.353170027130075, 0.600212830535953, 0.717645797031489, 0.378900402473426, 5.479244396111237
27.059277618085787, 11.890135952583648, 9.477898037799971, 0.376443035264591, 1.657288678927274, 2.359528512884708, 2.180819507201773, 0.865990828805712, 0.445302868828127, -0.227519756148420, 0.427602381763113, -0.423533011269340, 0.798608784997785, -0.259260655586052, 0.788875873238981, 0.557188270772568, 0.376443035264591, 6.171052646191728
25.287187356010477, 10.448614302155326, 11.112035668487712, 0.362136176095383, 2.146783629302491, 1.854622753156078, 1.906852906631984, 0.783583831138812, 0.462993593580457, 0.414286509412599, 0.616476798588645, -0.496611943974416, -0.611009765800717, 0.077153978379061, -0.734175394170498, 0.674561897986298, 0.362136176095383, 19.742808279923555
24.089465970180878, 10.221333668590693, 10.328353570320269, 0.358309412729037, 2.227946247681250, 1.773387764179186, 1.861279321397501, -0.112856191102460, 0.959818564873486, 0.256927621430719, 0.885834299055046, 0.214319418311152, -0.411539526111921, 0.450067855714558, -0.181150516032859, 0.874427478864616, 0.358309412729037, 31.019525014375308
21.261686838022726, 10.266973251871594, 10.740893791111860, 0.368658491523492, 1.743787385099508, 2.274277286300318, 2.019673172825918, 0.859199042793016, 0.337109472371688, 0.384882070900746, -0.133725968791016, -0.578139472325739, 0.804905035274237, -0.493856629128808, 0.743042363648398, 0.451656590441602, 0.368658491523492, 10.308490935893079
24.824421000142411, 9.435093765339674, 10.523338055429978, 0.359726092861140, 1.697357185404572, 2.173679981479919, 2.016936801420965, -0.711986683807700, 0.620076195494232, 0.329515513841022, 0.686056235106298, 0.714300255712951, 0.138209937993564, 0.149672323267483, -0.324469808256194, 0.933979410467866, 0.359726092861140, 23.337340516773818
22.113073574031031, 8.095453838615830, 10.981143401744726, 0.368698434893531, 1.781269868840281, 2.073451147004771, 2.169380192089017, 0.964705569814756, -0.224243177737857, -0.138051297735353, -0.142144623222058, -0.002133916444329, -0.989843600014501, -0.221671084396333, -0.974530883881387, 0.033933563089028, 0.368698434893531, 9.137836304752602
27.191488976405171, 9.003403312476053, 11.333972110105737, 0.375980442850395, 1.606380550832035, 2.195488390568789, 2.409137014224658, 0.697964414642616, -0.596273483213576, -0.396615190214571, -0.543225280672093, -0.801711653383659, 0.249328536809501, 0.466639015011944, -0.041428951775182, 0.883477035142110, 0.375980442850395, 6.599217742415457
23.027250721772926, 8.283035270773588, 9.376441233454573, 0.363564472211654, 2.169148763573377, 1.863533491441029, 1.900479058519839, 0.534958712464212, -0.643602134877706, 0.547353147373332, 0.186566331075809, 0.721843740266572, 0.666434256882761, 0.824021953632028, 0.254397143495807, -0.506231086870048, 0.363564472211654, 15.246956705554345
21.713960279183667, 9.587279643594776, 8.923087386414517, 0.366571489513986, 2.223096543332399, 1.834186881188401, 1.931165364068987, -0.212939312836319, 0.815395302689616, 0.538319003380436, 0.932453576675793, 0.334172397269300, -0.137328570398916, 0.291868423083617, -0.472714828681097, 0.831476707040963, 0.366571489513986, 11.580112544442443
25.205690515413561, 9.153375483235466, 8.421883348243551, 0.364214681468135, 2.163494975114441, 1.820408282577373, 1.961069422690090, -0.595751224519604, -0.752928355459365, 0.279605740335652, -0.790370054464055, 0.611486862326486, -0.037403130999902, 0.142813358933535, 0.243274965311611, 0.959386072320604, 0.364214681468135, 15.714516561700471
25.238614569807485, 9.837213456934931, 10.646883353958836, 0.360677050391013, 1.683889249737771, 2.157522947895487, 2.064580862426996, 0.871947391975116, -0.420728576775241, -0.250390116243579, -0.488417741045265, -0.711970614069817, -0.504525475009229, -0.033997880228531, -0.562214647075054, 0.826292221162852, 0.360677050391013, 21.324902022103217
22.635832607749737, 8.893195233520107, 9.843885956175317, 0.361979979053987, 1.634770483978007, 2.231094063693999, 2.078855488425219, 0.183108097353949, 0.799988840861237, 0.571392403853002, -0.844711635430102, -0.169307114076138, 0.507737485411716, -0.502925121317696, 0.575632656840025, -0.644758378562757, 0.361979979053987, 18.636366476154187
20.763402500292599, 10.355652670448922, 7.148370399706582, 0.385020151791928, 1.475732315376265, 2.665153794324492, 2.319881689586568, -0.743663302960329, 0.667656095206837, 0.034644340999559, 0.034103683392901, -0.013868212989312, 0.999322075933240, -0.667683930171433, -0.744340655346491, 0.012456251008486, 0.385020151791928, 4.761371181533295
24.301906380464832, 8.290818747763673, 9.657732274234306, 0.362117848639563, 2.158030762734236, 1.808807718281414, 1.944666254870534, 0.398926373014774, -0.883424520848812, 0.245802491599099, -0.280849895468525, 0.137463505945017, 0.949856368483479, 0.872915279467943, 0.447956360035609, 0.193271866486180, 0.362117848639563, 16.996465599115581
25.332851196305743, 9.621563880654184, 9.041126744072937, 0.361797472751607, 1.647513450896180, 2.077951320673834, 2.211452245377999, 0.898451432339326, 0.439031547565389, 0.006026937012558, 0.358012233480760, -0.740458867213124, 0.568812716668303, -0.254189426226842, 0.508892882842546, 0.822444994748385, 0.361797472751607, 20.554849468132382
23.936932543086314, 10.275870211319496, 7.480489647241011, 0.366517909022753, 2.128515069482228, 1.875586476667483, 1.971592221349755, -0.455030136917749, 0.670097074236527, 0.586444784780512, 0.888311944219795, 0.387471367552668, 0.246511316339257, 0.062044050907904, -0.633115984971562, 0.771566384260244, 0.366517909022753, 11.450534346402089
22.860672066830556, 8.418468109660793, 9.814661639474734, 0.362956881900924, 2.171466342694631, 1.821264472010101, 1.932788376616138, 0.845561420731971, -0.453198061871096, -0.282200993063475, -0.162561703343497, 0.284928641075683, -0.944663623784056, -0.508526868882845, -0.844646189958284, -0.167252017665448, 0.362956881900924, 16.013193710944442
23.469461859732451, 8.265896715450214, 10.259280782104723, 0.362353129386235, 1.762981970657805, 2.124195521358185, 2.030948947323737, 0.968393665323301, 0.243779421011650, -0.052775968517181, 0.248534979793146, -0.925207789146196, 0.286741888677656, -0.021073034449796, 0.290795702847263, 0.956553075592067, 0.362353129386235, 17.394868095747448
25.923257671772639, 9.872180539514439, 11.934074564398664, 0.367977594238304, 2.023340581808335, 2.123032337025007, 1.854316416206246, 0.995888121225830, 0.089219881004740, -0.015705503328031, 0.066447025424055, -0.837240342796604, -0.542783014846744, 0.061576316986174, -0.539507572910081, 0.839726107703632, 0.367977594238304, 10.229452275397106
21.721873914507185, 9.949416307675341, 13.366882364251669, 0.381213839423374, 1.363054262495121, 2.513701033328072, 2.584785593404631, 0.546106015297148, 0.825988233044780, 0.139684139857870, 0.064032679238573, -0.207414615928547, 0.976155209528046, -0.835265248915457, 0.524139882064679, 0.166160609000520, 0.381213839423374, 5.268089153738048
24.467506132128523, 11.342437236940890, 7.875290395517570, 0.366726985200856, 2.215417620393990, 1.814065413546619, 1.961848076627214, 0.977999844295635, -0.140568780306523, 0.154132159398519, -0.180178055448990, -0.196854817416972, 0.963734428768813, 0.105129315094957, 0.970303354040822, 0.217851390275110, 0.366726985200856, 10.857513406940118
25.789090236082767, 10.299101943806818, 9.003090662877586, 0.363731414937909, 1.749737972752829, 2.220286853343499, 1.980184464662557, 0.782452248696555, -0.612926500930861, -0.109952639651606, -0.463178661421160, -0.454833398615670, -0.760652422008779, -0.416213894666922, -0.646101914530804, 0.639779891779839, 0.363731414937909, 16.290913577058920
23.343327339250916, 11.445030104044648, 9.218589485891298, 0.362072065601470, 2.256385736849037, 1.744253955814908, 1.928001261792939, 0.993703403958901, -0.070966413271066, -0.086702440265158, -0.080075918119967, 0.091423913713802, -0.992587283486191, -0.078367035785064, -0.993280139834021, -0.085165553562288, 0.362072065601470, 18.188490591359866
22.680837086668596, 11.758319135857848, 11.149294652139172, 0.366018588862721, 1.742258132184728, 2.219600194529443, 2.027064134899317, -0.319955978758543, 0.780945068674688, -0.536426109887792, 0.782893615434651, -0.100938469298324, -0.613912870306017, 0.533578259085136, 0.616389669874827, 0.579101041531853, 0.366018588862721, 11.621029712746893
22.440255075612967, 9.856178335068121, 10.027265167052599, 0.361110389970840, 2.393817033286549, 1.663146626780484, 1.890792094408966, 0.728028526257188, 0.685485585222182, 0.009163918833619, 0.222798766651758, -0.249225612251440, 0.942468728275029, -0.648332611037145, 0.684102409475729, 0.334168698138022, 0.361110389970840, 20.021040075241199
26.615717025900903, 9.697122610193745, 9.294283902698801, 0.368014399301139, 1.824862084614099, 1.961188494174948, 2.226334250293714, 0.997541371345909, 0.068426798088928, 0.015132275328550, 0.047874823145256, -0.507700117960225, -0.860202645620196, 0.051178254778103, -0.858812181752489, 0.509727792759427, 0.368014399301139, 9.913222524090031
22.102837136801362, 10.674436141203415, 10.209939411316315, 0.363252716323347, 1.729533932667995, 2.059889742597159, 2.150794250081122, 0.912243161481648, 0.288430940427486, 0.290895182039998, 0.309677343888705, -0.020702840823321, -0.950616292235663, 0.268164794505177, -0.957276859109192, 0.108206552491223, 0.363252716323347, 15.407777155381195
24.748182951161461, 10.597687128667669, 8.076979656138979, 0.364149094033986, 1.712830163654767, 2.047081654973594, 2.201575329034574, -0.349576922177674, -0.673413264321955, 0.651391242584695, -0.250570573633560, 0.737129428889388, 0.627578355820334, 0.902779243840781, -0.056167432738674, 0.426420984931340, 0.364149094033986, 14.655149745665559
25.330658451607867, 10.573045105921546, 10.704352465475029, 0.361472089766251, 1.836752451260749, 2.065035284291230, 1.990634479359026, -0.221332146482047, 0.847454673633804, 0.482527364063297, 0.964213215583335, 0.264231358769103, -0.021786783550563, 0.145962172593092, -0.460437145742236, 0.875609889729809, 0.361472089766251, 20.052219985389719
25.529296653956006, 9.107099514178156, 9.658696822213850, 0.362339261856343, 1.878425496458188, 1.984220483818334, 2.040363754001809, -0.336101355958966, -0.661388555107873, -0.670522973278965, 0.510769402896271, 0.470152193084124, -0.719771861358289, -0.791296717791456, 0.584398917273559, -0.179798247772221, 0.362339261856343, 19.055068922397503
21.989101632918285, 12.825536585008237, 8.788656351453888, 0.376571941928492, 1.611203299271352, 2.523237703812923, 2.099813304249997, -0.686484147598892, 0.636394729640163, -0.351768763794693, 0.654065733602713, 0.751795866620319, 0.083671925156226, -0.317706674815258, 0.172640444331065, 0.932339930368213, 0.376571941928492, 5.963450139012537
25.457259772967383, 7.104647179846744, 8.265295013380715, 0.376819691860084, 1.724586561679671, 2.246129382355881, 2.208138555241259, -0.645272294701674, 0.763861473352427, -0.011803186785524, 0.620783739719949, 0.515277335326552, -0.590861080287137, 0.445254100699533, 0.388593511560122, 0.806686970629639, 0.376819691860084, 5.587440977244269
22.981850335342831, 8.736294961257839, 9.779348897297414, 0.361446989538064, 2.096253386980633, 1.950570612922175, 1.846178541249070, 0.999195189037681, -0.039127018644382, -0.008834625965733, -0.031688155364059, -0.905010547301496, 0.424207225401301, 0.024593393697811, 0.423585865775818, 0.905522047937749, 0.361446989538064, 20.300605346784760
21.884789743145696, 13.572824229060105, 12.503046831522036, 0.394274769463301, 1.224438761618629, 2.519971001695629, 3.175482063513603, 0.418216834474609, -0.802486690600199, -0.425569959902691, -0.776476192528748, -0.072718412389325, -0.625936702019968, -0.471359100684494, -0.592222208220121, 0.653523874309721, 0.394274769463301, 4.408378355516347
22.564819437834366, 9.148174123613790, 11.303068252668188, 0.363755090279528, 1.677073707742570, 2.008059331469562, 2.284777243540247, 0.421459058628830, 0.904814407833638, 0.060688955143116, 0.802767004427504, -0.403380767048418, 0.439145867995957, -0.421826265780347, 0.136362913404242, 0.896363630088657, 0.363755090279528, 14.679806703412318
24.651690083321743, 11.306445624469598, 9.812520515739838, 0.360885637364501, 2.266345056902603, 1.734853555436894, 1.911020115114487, -0.608782335157841, 0.674240514168253, 0.418071521936015, 0.499787027146908, -0.083310751729388, 0.862132383188301, -0.616114434091120, -0.733797688535753, 0.286258548176582, 0.360885637364501, 21.780791294499398
22.343728991702164, 11.081162666479711, 9.620463638095730, 0.363227817191824, 1.818452411133001, 2.033551529255978, 2.071693473991284, -0.292868926680145, 0.790233203857250, 0.538292927045049, -0.238233984636909, -0.605531597559993, 0.759326051785703, -0.925998034743725, -0.094143336874944, -0.365601793995612, 0.363227817191824, 16.085081218352247
25.177545968470653, 10.462541468732905, 12.307427210349191, 0.367248528363985, 2.152187343054405, 1.962238676751315, 1.874966899356612, 0.455524613764295, -0.730302520831874, 0.509073230804273, -0.118517643341719, -0.616509305927084, -0.778376415317185, -0.882298642451417, -0.294235456347320, 0.367388897160039, 0.367248528363985, 10.783322973911723
24.534232141143981, 10.339223314324286, 10.224801512805330, 0.358678924590815, 2.251449595343287, 2.008538595633699, 1.631249847582168, 0.932334524484528, 0.350044975946577, 0.090668899126270, 0.352348971940515, -0.823120083028874, -0.445335301640238, 0.081255993173867, -0.447148570085045, 0.890761258612109, 0.358678924590815, 27.999938142725448
25.589442126023020, 9.754685004177444, 9.278709307666698, 0.362144438879929, 1.811546113601946, 2.030421360187281, 2.064216340254845, 0.712684858117492, 0.700988891390549, 0.026360333023304, 0.682492038261392, -0.701584524980582, 0.204899419270973, -0.162126218483811, 0.128037996137166, 0.978428004926943, 0.362144438879929, 20.168498092433882
25.358433054262871, 10.319386667772756, 9.222891703312525, 0.361399968779133, 1.764927955515799, 2.144890281328211, 1.993322577283573, -0.865778277063446, 0.415581696271759, -0.278782762539110, 0.421881870740740, 0.306508844197113, -0.853269017115495, 0.269153603181053, 0.856355172900145, 0.440695082502425, 0.361399968779133, 21.275313633829548
25.628797807380877, 9.166704375933993, 9.365774705976484, 0.362999965490771, 1.808036349981879, 2.009168647063197, 2.104948711903442, 0.847177539028749, -0.454544853799120, -0.275098515535670, -0.505106629104014, -0.849627444039787, -0.151659155904279, 0.164795359765902, -0.267436314323905, 0.949378906011963, 0.362999965490771, 18.877791646051765
24.774254450206200, 8.849120804829884, 7.950638221422137, 0.366170502659350, 2.264455011708926, 1.960733668148127, 1.767718401045342, 0.792358396908570, 0.510694105060375, -0.333706011191083, 0.092909684062771, -0.641647224643217, -0.761351843574975, 0.602939434318105, -0.572259006188840, 0.555862994253012, 0.366170502659350, 12.546872438008915
22.136466261956087, 10.765101162022486, 9.879628360547500, 0.363220236276394, 1.729908786695285, 2.041510481589757, 2.169105164636553, 0.812772381553749, 0.555298588279442, 0.176194590264023, 0.081625117500907, 0.190910418838019, -0.978207826676957, 0.576834808221913, -0.809442209076072, -0.109840403266003, 0.363220236276394, 15.982270797596163
22.630778137521947, 11.175707941295281, 10.690097585889603, 0.362771434323828, 2.216425784314912, 1.816504920848532, 1.895635316249648, 0.825105291111036, -0.519493103789497, 0.222099468022162, -0.564914625251243, -0.764524148829857, 0.310442091271835, -0.008527881203499, 0.381614649838206, 0.924282172429525, 0.362771434323828, 15.447268750409478
24.581714464974269, 9.316581943015454, 10.003636201065977, 0.359094452409251, 2.242665609811030, 1.730948585452462, 1.906877143447073, 0.757334829582155, 0.600144784243294, 0.257429978532685, 0.314999025858239, -0.681046893522136, 0.661022497750424, -0.572031091471547, 0.419525168219284, 0.704825555453583, 0.359094452409251, 25.894680464786756
22.979742077482030, 9.365347603720538, 7.533346019356294, 0.367989416645628, 1.832152811600793, 2.137263688936722, 2.034377304411657, -0.252764625310679, -0.921615208391449, -0.294508831536745, -0.558713310737234, 0.387547542366824, -0.733243710379075, -0.789904728810121, 0.020792067406129, 0.612876993642597, 0.367989416645628, 9.731345983237564
26.348453732982115, 7.996620142648703, 6.037086797994599, 0.398215063622360, 1.164562677052762, 2.878548367269530, 3.011355109422460, -0.435232611706808, 0.831863061847658, 0.344349270422213, 0.231601621097991, 0.473051689893582, -0.850048697307165, 0.870019116348401, 0.290217065353272, 0.398548356120159, 0.398215063622360, 3.946560309855619
24.863224311441556, 10.404482794661055, 11.383903143742980, 0.361780447057346, 1.782997471324426, 2.147002545364693, 1.977412631002953, 0.371413866319621, 0.863584775954523, -0.340988379046980, 0.809544776973109, -0.481042015150030, -0.336505324974150, 0.454630612674806, 0.151062617480220, 0.877776219556531, 0.361780447057346, 20.125926627061947
22.058224602729894, 8.489984766901257, 12.490806444345511, 0.374531783693109, 1.546504985223626, 2.535556848424509, 2.141838286531286, 0.675121492509364, 0.586925172240339, 0.446911414647888, 0.329711177296061, -0.782003447011289, 0.528924520540036, -0.659925382083440, 0.209736623061186, 0.721463123817785, 0.374531783693109, 6.459251689631483
22.953288512524882, 9.200265332732727, 10.673210038573409, 0.360810669071342, 1.690720851522504, 2.218117187680198, 2.002290258395714, 0.371955943631171, -0.923653432933476, -0.092266526040868, -0.823943372271201, -0.374302923622716, 0.425458153826965, 0.427511514801424, 0.082229296468423, 0.900262321501073, 0.360810669071342, 21.312402700054140
23.166134369463112, 8.733125202239441, 10.775453078780927, 0.361746344467042, 2.189676483753412, 1.990761459271501, 1.736035461666696, 0.862511239974480, 0.504016212450040, -0.045188698865983, 0.479001630622136, -0.784369673095165, 0.394108682713181, -0.163192520597665, 0.361568629054153, 0.917952246963251, 0.361746344467042, 18.531445211562147
25.409631005301947, 9.789612889889071, 10.135770448713096, 0.360757314483092, 2.145064883090280, 1.827610250749834, 1.914550097369914, -0.437795434479659, 0.895694284772912, -0.077890344548649, 0.141382052319159, -0.016970295745539, -0.989809640458372, 0.887888660154407, 0.444346438364762, 0.119205578232569, 0.360757314483092, 22.859339311603836
26.000934192072403, 10.221290844762834, 9.694043411756434, 0.363566101969854, 1.807644205520170, 1.970434449684757, 2.156852884971220, 0.644138082118968, -0.756644113236065, -0.112141950532827, -0.421452188043238, -0.228727469253174, -0.877531650712728, -0.638329213147624, -0.612514024912285, 0.466221390466040, 0.363566101969854, 16.388438724501501
23.642613140242339, 8.771242802384140, 10.928276702081485, 0.361244445212610, 2.245578329561140, 1.768630207365296, 1.897507947744850, -0.520101363178296, 0.726656851940210, 0.448847848996097, 0.807085459489659, 0.246174795956449, 0.536666591950874, -0.279477428606398, -0.641379598493860, 0.714510026196562, 0.361244445212610, 21.386802568062155
24.803283710945731, 10.116829642076940, 8.838174744073354, 0.360701678293827, 2.054286760587653, 1.870497147162937, 1.952412992080602, 0.490678736429245, 0.735759698947172, 0.466789077658600, 0.730636321251522, -0.639317971006450, 0.239672897959361, -0.474768305265044, -0.223450659773836, 0.851272493953843, 0.360701678293827, 21.363027890906338
24.026759895938831, 9.883986188043865, 8.646374036083674, 0.360457080444009, 2.323678428976732, 1.742872308363790, 1.848691325858739, -0.481130684205766, 0.865074652388395, -0.141982782444879, 0.834560175031823, 0.402402479417343, -0.376273250191438, 0.268370227422017, 0.299529782081637, 0.915565033561015, 0.360457080444009, 22.027436296436857
24.142243309504380, 10.762489186158655, 10.121872459256455, 0.358844594188804, 1.886590794321052, 1.962915308540375, 1.994735279570066, 0.833827474692725, -0.475055066526121, -0.281166189673323, -0.306876924016645, 0.024478769391553, -0.951434361033465, -0.458866315993705, -0.879615526020850, 0.125372367088715, 0.358844594188804, 27.269898567351699
26.207982783499730, 8.670257080013570, 9.066700076055087, 0.368118534349222, 1.825229742223121, 2.162872623865503, 2.020039627855862, -0.543046635636538, -0.789431243346857, 0.286179425451364, -0.356231145554288, 0.525208673265028, 0.772822890748113, 0.760394451887254, -0.317732846201059, 0.566432799177500, 0.368118534349222, 10.323082210560118
22.609660931131216, 8.729580884623108, 11.134272446651760, 0.364231605434894, 1.651013182456720, 2.296991340123685, 2.036893408369222, 0.774509249775820, 0.489153274970505, -0.401079163753648, 0.121992986904824, 0.506646913268759, 0.853479124771823, -0.620687629293299, 0.709956321797944, -0.332729451629094, 0.364231605434894, 14.335168737987914
25.321129670022597, 8.032114375894926, 11.228960555802535, 0.367476571042127, 1.645881355067793, 2.300705553006180, 2.094955087884167, -0.465412035434247, 0.730016704491996, -0.500467030318279, 0.780281699971707, 0.605316235664488, 0.157329982934716, -0.417794334526229, 0.317281997604057, 0.851340136510763, 0.367476571042127, 10.879722793090430
24.304395988507466, 8.576784230537520, 9.741333295446509, 0.360883016727819, 2.179501937032955, 1.968004214391176, 1.751706604037371, 0.514482298362516, 0.754780512687549, -0.406957420793310, -0.593739306454871, -0.028859102809846, -0.804139781478009, 0.618693462582329, -0.655342299758020, -0.433295360586468, 0.360883016727819, 20.055927737109645
23.969071278382621, 9.616454901712201, 8.137233549654928, 0.362776147679931, 1.818869213878420, 1.997868306779014, 2.100357208963136, -0.544211613800147, -0.655413861943447, 0.523704486306367, -0.095984000643552, 0.668782614920540, 0.737235976876132, 0.833439134565625, -0.350945128976626, 0.426868510693962, 0.362776147679931, 17.796503452517420
24.268280006821133, 12.407797800191966, 10.095649245441301, 0.365786391100768, 1.705050091107046, 2.193793000144693, 2.091679595061375, 0.402396135335576, 0.885209832327998, 0.233411445770833, 0.897749227955687, -0.431484389812023, 0.088699182936005, -0.179230784107981, -0.173852736815915, 0.968324094469230, 0.365786391100768, 13.052223093624585
25.287847460183990, 9.957777067861990, 9.832881274072498, 0.360299958002685, 2.065613470925781, 1.925331263136266, 1.880110745961731, 0.850731261141329, -0.420382392520791, -0.315491624889440, -0.358272619785321, -0.024615115755653, -0.933292465408619, -0.384573856663510, -0.907013087080242, 0.171552349549992, 0.360299958002685, 24.562462425935948
25.214956800928888, 8.855015115706381, 11.235049442751727, 0.363711646072283, 1.813310471886605, 2.115868948931328, 2.004730531804367, 0.755388150371775, 0.515407568859066, -0.404652666172726, -0.266903869469355, 0.805986990521085, 0.528343917891604, -0.598457238856874, 0.291101372503723, -0.746397296475714, 0.363711646072283, 15.049355844683632
25.696683171955787, 10.645097809784282, 9.494306883369767, 0.362764527077274, 2.164603514298201, 1.976838760065979, 1.783487826219633, 0.661147771192475, 0.718860464988785, 0.214763256921036, 0.303520997924685, 0.005503296131926, -0.952808856775842, 0.686118523628408, -0.695132610088027, 0.214550753730164, 0.362764527077274, 17.281726834668550
24.043199389191770, 9.947838810450699, 11.795718530917775, 0.362217018064338, 1.750389395260149, 2.117969024007804, 2.049262498119892, 0.862974720934272, 0.488309405376434, 0.129724923007603, 0.257567953642481, -0.646071388888113, 0.718505747866090, -0.434664675680966, 0.586639314298913, 0.683316130816522, 0.362217018064338, 18.356657688566671
21.578908575559858, 10.065244826076013, 8.644653812231331, 0.368129310446300, 1.775541731769323, 2.136131052950987, 2.102750435389597, 0.999493131822949, 0.022963851867770, -0.022048604176844, 0.027278722403208, -0.974826586254233, 0.221289398833216, 0.016411908566670, 0.221778692031747, 0.974958902219928, 0.368129310446300, 10.082942716075967
22.890284420533042, 9.525417302574793, 12.681606624463834, 0.369404362706086, 2.231494504825561, 1.804139499838557, 2.001637556631496, 0.612175215247995, -0.726974206918609, 0.311046633659859, -0.534222911093741, -0.090235728901008, 0.840513768175294, 0.582964310312904, 0.680709935071293, 0.443606353873157, 0.369404362706086, 8.649211205788564
23.791209166079419, 11.600623819402831, 7.617433457437768, 0.369094441331562, 2.517474659827387, 1.974663434256319, 1.616961350163145, 0.768206205336256, 0.640089636015516, 0.012020147602883, 0.521525486221066, -0.614800740827212, -0.591634360310650, 0.371309026694411, -0.460766000203831, 0.806116802796848, 0.369094441331562, 9.213466109520846
23.984251844789295, 11.900808209501298, 10.707130392694379, 0.363371699971691, 2.309568108051358, 1.690067547573801, 1.965005556444313, 0.798099424599605, 0.443149610354466, 0.408234897205597, 0.497450709729437, -0.866921961673726, -0.031450019991363, -0.339970733804335, -0.228176982210001, 0.912335006971715, 0.363371699971691, 16.614458359968964
23.121656425555443, 12.453055494692105, 8.446784190809510, 0.370358083840259, 1.820665543283470, 2.090465828143222, 2.133720632848521, -0.341715911412680, 0.759962216793637, 0.552890282907471, 0.917731393640760, 0.143083781169466, 0.370534911570336, -0.202482900546170, -0.634022444880581, 0.746335189023042, 0.370358083840259, 7.796912165705216
24.809797569866220, 8.782057284256991, 9.279323651667941, 0.361537971547083, 2.288370317376146, 1.650802304256287, 1.999796003176336, 0.996294905946754, 0.080694978436896, -0.029745265835372, 0.084357721152357, -0.984249923769402, 0.155357209172631, 0.016740228986763, 0.157290838941739, 0.987410429719311, 0.361537971547083, 20.556333911259362
24.688633340671455, 9.849170342446358, 9.302489524590801, 0.359371067617271, 1.822733093150973, 2.023022703266521, 2.012105793295706, 0.163752226870415, 0.984132029797829, -0.068332687061068, 0.129535094379392, -0.090118213646538, -0.987471198006949, 0.977960054153084, -0.152849126576381, 0.142236693527849, 0.359371067617271, 24.388703273165167
24.730451832769930, 10.578830535261089, 9.407328562024833, 0.359677580026619, 2.279570145157629, 1.852768288661328, 1.761210842806095, 0.717370778517926, -0.553417122323056, -0.423212304698543, -0.676211219826434, -0.406885935221657, -0.614151627775783, -0.167682892119115, -0.726755340151323, 0.666114947476863, 0.359677580026619, 24.089033815193311
21.490131812608880, 9.330566559256914, 9.712107595500811, 0.366873384679006, 1.822770702243638, 2.006318034101094, 2.158550035673667, 0.868716665262835, 0.418520869103183, 0.264899297129563, 0.495271536502292, -0.727373604550465, -0.475009204683365, 0.006120508580079, -0.543845494169420, 0.839163046044296, 0.366873384679006, 10.835207145061286
24.439204825471112, 9.282941918228220, 7.156324444786511, 0.369856063393390, 1.721550169333024, 2.134188953848857, 2.201359614328926, 0.104988188451959, -0.703342787733957, -0.703055049927246, 0.241289046223677, -0.667821290138211, 0.704126636771117, 0.964757522104930, 0.243564462475055, -0.099595562959367, 0.369856063393390, 9.324206655631352
23.358884055138319, 11.262479977035021, 9.330222719447075, 0.361181717432873, 2.182698976370913, 1.934352248495416, 1.783993164828424, 0.923892288110594, -0.380746577781212, 0.038145556460305, -0.340031711936310, -0.771175616777388, 0.538206840318551, 0.175503489559135, 0.510215848044640, 0.841949115776396, 0.361181717432873, 19.958031730893286
23.025538365985224, 9.224887666113416, 12.337906913848688, 0.367192489080015, 2.292133141453507, 1.954003260634448, 1.767101762181632, 0.867571760644251, 0.411146445452667, -0.279781773037974, -0.399291998790202, 0.240517360858280, -0.884713116681274, 0.296454279501512, -0.879266739685634, -0.372833556225609, 0.367192489080015, 10.775880187061816
22.233168528287745, 8.996212285040659, 10.996515292311974, 0.364576490082007, 2.225228964758310, 1.917509616750629, 1.815511652600664, -0.433667560563475, -0.776038603370367, 0.457926340139869, 0.721432262784124, 0.005457857063481, 0.692463502294853, 0.539877705715937, -0.630661793575007, -0.557492390078691, 0.364576490082007, 13.528759200785601
22.535231518417635, 11.665702459717929, 6.740001770064518, 0.379844100252434, 1.561816492809134, 2.174137921052342, 2.580146569668927, 0.388930689049463, 0.864640972819533, 0.318007715688159, -0.291209669322320, 0.442869710880354, -0.847976030131711, 0.874030804725266, -0.237196979969060, -0.424037433589137, 0.379844100252434, 5.255635307933034
24.367883482183917, 9.901207992746212, 10.353714479252238, 0.358440494595216, 1.919533917431447, 1.893990345931412, 2.024990404633220, 0.890157632987757, 0.455087401011122, -0.022690215392923, 0.138928292278835, -0.223645859784463, 0.964718331434494, -0.433956585430065, 0.861903699285605, 0.262304584633338, 0.358440494595216, 29.623001142229533
21.932789811796347, 7.809671497699772, 10.178995315698131, 0.370079565319323, 1.788195471713655, 1.932129901780962, 2.345196949997617, 0.731971139582523, 0.675335178175497, -0.090225539272053, -0.116082331662810, 0.254099415134835, 0.960186637849049, -0.671374070912772, 0.692355316544045, -0.264387920600029, 0.370079565319323, 9.128749931388361
22.727368339993223, 10.681764934941304, 9.922376384706304, 0.360664213031370, 2.218432420047166, 1.948144089463301, 1.735350451798082, 0.777304581061646, -0.536808243922088, -0.328076968892764, -0.501462940161463, -0.843568290442510, 0.192165186765247, 0.379911184232842, -0.015147561427034, 0.924898936899386, 0.360664213031370, 21.708485939002991
23.749489910112189, 8.740318708912925, 8.698037697401190, 0.362394103426444, 1.771288849625864, 2.124785844377862, 2.021548345121990, -0.567637527730782, 0.795222128112172, 0.213094824133374, 0.583561045921300, 0.571223484584339, -0.577200343331987, 0.580727253359892, 0.203286737442641, 0.788308543392118, 0.362394103426444, 17.799644816267485
23.817349393477190, 10.374397141703927, 7.649791500472367, 0.365534604987391, 1.723139223915389, 2.282313374204140, 1.985341252560984, -0.865873870743646, -0.499744268104065, 0.022761952037316, -0.396327791290535, 0.713033914535069, 0.578365730808424, 0.305265002602955, -0.491770579864157, 0.815459977537763, 0.365534604987391, 12.692064555635929
23.994678572960776, 7.446020444644862, 9.972673445531326, 0.366631737621498, 1.696661167226092, 2.207843204177054, 2.103159165999080, -0.350142590993427, 0.817088731596113, -0.458002369722107, 0.905873881377377, 0.419780907503833, 0.056360453631468, -0.238312141970770, 0.395158189076114, 0.887162515323652, 0.366631737621498, 11.816579444325752
23.115768736501167, 8.958444196688522, 10.784956327924117, 0.361214908280822, 2.157864996290428, 2.018588549449108, 1.729697832164165, 0.761738227356608, 0.634297653159262, -0.131990000304057, 0.647214796302819, -0.754255394700580, 0.110507045077553, 0.029459810425609, 0.169603321788592, 0.985071993718207, 0.361214908280822, 20.543912822332061
24.293214619859501, 11.073609665904129, 10.142219259909250, 0.359680924912967, 2.160658349840116, 1.928363508012548, 1.785346562001703, 0.711608237365534, 0.702537921888690, -0.007361034019701, 0.684821233443338, -0.691246131076489, 0.230648356805182, -0.156950930990113, 0.169172263034182, 0.973009327129617, 0.359680924912967, 24.108323988389884
25.157326944954391, 6.671449825808585, 8.578511113597289, 0.378237536978714, 1.811189808660505, 2.279305071304619, 2.095428155752708, -0.664573412015771, -0.570965465501320, 0.482017237499426, 0.747029800510182, -0.522347684001034, 0.411216942949187, -0.016989914403389, -0.633365087626101, -0.773666600406756, 0.378237536978714, 5.385956025761679
24.150829121344398, 12.148195039774912, 11.108382092390034, 0.365734112609539, 1.725703733182685, 2.051737626200697, 2.208786119464309, 0.686523708009845, -0.666672038159587, 0.290230239424765, -0.724377918660538, -0.661652206929295, 0.193631061616212, -0.062943063934328, 0.343168691173505, 0.937162429945216, 0.365734112609539, 12.563361630785446
23.364965584556455, 10.694337924970984, 11.224037463222858, 0.361057777158912, 1.693748376672745, 2.170428424476496, 2.046826679364397, -0.277845208831499, 0.807824500762337, 0.519828448526494, 0.126334119452616, 0.567163013777728, -0.813858590950969, 0.952282379439792, 0.160454640851068, 0.259639322980634, 0.361057777158912, 20.882411556391599
24.957770360057825, 9.954870924048285, 9.754480878505985, 0.359372537591762, 1.879746940699543, 1.802597544268501, 2.189685861997594, 0.988637212813373, 0.150100217314429, -0.008147772871589, 0.138144557375027, -0.928588151862265, -0.344441759211454, 0.059266708262426, -0.339402370326409, 0.938772330391428, 0.359372537591762, 26.258378587278948
23.234401927919851, 10.129431578389477, 11.489788779656084, 0.361627080794939, 2.302667923869151, 1.834155048722010, 1.790032009365162, 0.857412311156194, 0.510192261514576, 0.067438749754408, 0.150128231304847, -0.373311220381878, 0.915478152061681, -0.492245510739380, 0.774817777950168, 0.396675898094769, 0.361627080794939, 19.238024061257342
23.366032385651057, 9.460145062390716, 9.783915997601250, 0.358970550148250, 1.850674444082405, 1.979692073711783, 2.018338976541226, -0.281381983863443, 0.877041673843173, -0.389386801907099, 0.900113261831323, 0.381877365988563, 0.209680216570408, -0.332596294375703, 0.291491989063169, 0.896890252639390, 0.358970550148250, 27.002481685194727
22.584710942003070, 7.743229659368351, 9.815836631847587, 0.367357703762039, 2.216895580683085, 1.781737425730219, 2.006429166511985, 0.808959107830198, -0.587274672609797, 0.026336681067035, -0.184048637007171, -0.295562768734467, -0.937426663240287, -0.558311079125584, -0.753492606897421, 0.347185296745923, 0.367357703762039, 10.121419572930504
22.574600286547113, 9.044144799648436, 9.415622874301365, 0.362207261124413, 2.099549463598845, 1.946392910232397, 1.858917643624252, 0.863531062408590, -0.474219299841672, -0.171552207543843, -0.049705233239182, 0.258488736488348, -0.964734659322083, -0.501840108046507, -0.841605387795451, -0.199641872335285, 0.362207261124413, 18.558844532645466
22.996585763868080, 11.051892265151047, 10.837425275130425, 0.361577016827140, 2.153240526782042, 1.894954485406989, 1.852065922009242, 0.652442528818704, -0.575784499157264, 0.492738223724193, 0.753662325199180, 0.424814439400036, -0.501523470689657, -0.079447128104295, -0.698573476885182, -0.711114091569369, 0.361577016827140, 18.412069435982520
22.298859017449221, 7.689463513684261, 11.267371799554052, 0.371079632632724, 1.844624322841513, 2.186479015442540, 2.025318952276229, 0.835318627389760, -0.543688943291482, 0.081517628021663, -0.116348706253315, -0.319745235426376, -0.940332900081301, -0.537313473950604, -0.775993116828185, 0.330346656326972, 0.371079632632724, 7.754278552032104
26.130938026673970, 9.444106030020178, 10.415459614561737, 0.364714673276437, 1.844959628070758, 2.009772665996495, 2.091564315134363, 0.811490697039929, 0.526089219943689, 0.254387462892121, 0.467913632018612, -0.324203756127930, -0.822161028925412, 0.350056683393991, -0.786207388143600, 0.509252649712907, 0.364714673276437, 13.916100862639272
24.997135256306439, 10.779901369175855, 8.850928787838559, 0.361901300802584, 2.113819312819841, 1.912854299286883, 1.873984509739555, -0.322761315175600, 0.905482438137633, -0.275547977039290, 0.638841526852121, 0.423225584056757, 0.642465258647553, -0.698359962337023, -0.031331441462923, 0.715060629443747, 0.361901300802584, 18.535673171052583
21.645761455440297, 10.608647655819198, 9.939751774944726, 0.365666302145959, 2.205152180360086, 1.855525096852071, 1.910269924630321, -0.117554488667527, 0.988076701529837, -0.099425218571711, 0.692177154612087, 0.009733180346625, -0.721662006644007, 0.712089691560853, 0.153654473069469, 0.685068298842176, 0.365666302145959, 12.081821559612095
23.160152425088938, 8.920791292561919, 12.147459147869659, 0.366476365322765, 1.812108127765845, 2.049833187988512, 2.118266525024839, 0.599771210682768, 0.796233200777973, -0.079291770159273, -0.017272795586183, 0.111953532324815, 0.993563313097175, -0.799985090716549, 0.594541080648647, -0.080899678938637, 0.366476365322765, 11.170546654130360
23.427093191240960, 12.468205112895328, 9.185504052789458, 0.367373210831792, 1.863287777937437, 2.106505876067023, 2.019413052758336, 0.224625725549603, -0.931489989583507, -0.286128786959705, 0.300842081255672, -0.212996281789509, 0.929584114585442, 0.926842664947547, 0.294888085974258, -0.232386942798791, 0.367373210831792, 10.678716799858407
26.207726751363037, 8.399761857577733, 9.581065176745836, 0.368244447825342, 1.739556446463833, 2.067161658241794, 2.219938653055441, 0.797883513393670, -0.600342299241629, -0.054507089409066, -0.191487385777703, -0.166676982976591, -0.967239042033479, -0.571589433197111, -0.782181505206493, 0.247946794232775, 0.368244447825342, 9.460132446044360
21.616020528556032, 10.166134721252202, 9.950570375906898, 0.365387074570893, 1.802353170492812, 2.006868055955816, 2.155987025895246, 0.547346858359621, -0.805236307998799, 0.228048032055345, -0.809521671871194, -0.578537123303004, -0.099847181888880, -0.212334828548497, 0.129958782853439, 0.968516719186888, 0.365387074570893, 12.700838002550956
