xis_x,xis_y,xis_z,local_bandwidth_mbe_breiman,eigen_value_1_sambe_breiman,eigen_value_2_sambe_breiman,eigen_value_3_sambe_breiman,eigen_vector_1_x_sambe_breiman,eigen_vector_2_x_sambe_breiman,eigen_vector_3_x_sambe_breiman,eigen_vector_1_y_sambe_breiman,eigen_vector_2_y_sambe_breiman,eigen_vector_3_y_sambe_breiman,eigen_vector_1_z_sambe_breiman,eigen_vector_2_z_sambe_breiman,eigen_vector_3_z_sambe_breiman,local_bandwidth_sambe_breiman,scaling_factor_sambe_breiman
27.052992509691862, 27.174646116199394, 25.215395378578172, 0.990480316777328, 3.513834686965116, 4.233700670699864, 3.974292865569961, 0.690871688854754, 0.664186241290591, 0.285574765025302, -0.055158280342929, -0.345424292740889, 0.936824221556033, -0.720870219698796, 0.662977145054589, 0.202008493600334, 0.990480316777328, 14.124958359244070
28.268092977201803, 23.890204441270203, 26.292633616408068, 1.004918861189968, 3.646861371097749, 4.015209922131545, 4.216860904113640, 0.508323716858515, 0.791714368940058, 0.338814635004144, 0.712045574852730, -0.607689411160419, 0.351716759475786, -0.484353278312214, -0.062465491091880, 0.872639653127716, 1.004918861189968, 17.504552833192633
23.488486247123323, 22.876577908327150, 23.432047601641028, 0.998907121566262, 3.553503776242153, 4.240710225281366, 4.024424119844712, -0.233195116189810, 0.872814299849982, -0.428736790773322, 0.717793275142815, -0.142946544919825, -0.681424316747822, 0.656043330844063, 0.466649207941973, 0.593165798729291, 0.998907121566262, 12.539519259965280
25.259726978980694, 25.192874438399461, 26.090244683552076, 0.999113030015764, 3.420947041032025, 4.393379668478389, 4.037593342042706, -0.304775325265835, -0.781690242407914, 0.544125321992425, -0.422144299408539, 0.622992603119958, 0.658539601644952, 0.853760031616600, 0.028992781551164, 0.519858852989874, 0.999113030015764, 25.131547019947703
22.984115265134101, 25.311443734626110, 26.827981746106254, 0.993190388930665, 3.414720267936616, 4.061887839444527, 4.297721402304379, 0.202958149827604, 0.978346365723886, -0.040575584942430, 0.704381469518896, -0.174657862380379, -0.687998093389158, 0.680187279223124, -0.111054129970845, 0.724577287388628, 0.993190388930665, 17.711117921682167
22.810899776277829, 27.885323405002509, 24.255267781848644, 0.988139051074174, 4.684282815001311, 3.203556784322566, 3.912032445903549, 0.942030891446110, 0.297779075345832, 0.154613782850785, -0.057543046118632, -0.310598971753544, 0.948797700560573, -0.330554983935558, 0.902693691698255, 0.275458711177447, 0.988139051074174, 9.729504511680931
30.940148961761508, 26.377005119817454, 25.473939748458893, 1.009425687508849, 4.705048052743242, 4.012607623428354, 3.314790561442492, 0.810193005329126, 0.586145921989933, -0.004500250029754, 0.079833822761194, -0.102736888360552, 0.991499718866993, -0.580701175183151, 0.803665409175089, 0.130030977987340, 1.009425687508849, 14.674542486502151
21.552251111248996, 25.026137439144890, 24.318820026058688, 1.002151495382664, 3.745052016419940, 4.134457782876110, 3.955009349603358, 0.499005417516406, 0.666974845725211, 0.553297522549224, 0.342390824685650, 0.434783606250420, -0.832905600237482, 0.796091776405433, -0.605068401840413, 0.011406692506160, 1.002151495382664, 23.134716623706101
24.914897930692796, 28.378454885817760, 25.566964085660203, 1.003936575518014, 3.400473006724643, 4.416027942608059, 4.099883154806087, -0.369855800846774, 0.763518388042536, 0.529382997177770, 0.613735465104406, 0.628551122212860, -0.477757538546523, 0.697520942662705, -0.148199722961556, 0.701071591680229, 1.003936575518014, 8.208121268279783
26.950466613439634, 24.415388346898897, 24.024421621469305, 1.009158496609666, 3.417169729433349, 4.268665820732569, 4.286898785178669, 0.038147704407454, -0.703308616121039, -0.709860368761597, 0.374636758282982, -0.648497468994620, 0.662644951728141, 0.926386556460995, 0.291218171132024, -0.238746570259887, 1.009158496609666, 23.168272122586249
21.539750761078043, 25.428183686195460, 27.297419555562701, 0.984490547918996, 3.395831657293887, 4.038782879950121, 4.233131764723615, 0.409212379986988, 0.765322833810112, 0.496816050580337, 0.444994302334048, 0.307954574977544, -0.840918575511704, 0.796570962912671, -0.565194603476766, 0.214545475937205, 0.984490547918996, 11.753037759042208
24.202132809268665, 26.611602886735323, 24.800069535702423, 1.007897350269067, 4.592574448463630, 4.227700534336534, 3.208575641207522, 0.941101482479531, -0.334184599435064, -0.051465067524042, -0.143375555731894, -0.256561366930158, -0.955834564669797, -0.306221243047244, -0.906916158472962, 0.289364185425989, 1.007897350269067, 21.962658991576596
24.691867989521764, 23.923940454617636, 24.839541185879387, 0.996154389037642, 4.463352373711770, 3.890501808931724, 3.463673569482212, 0.266212893037911, -0.963869279549309, 0.009311687359552, -0.963714337434615, -0.266341999376884, -0.017793684016648, -0.019630878822570, 0.004236898514235, 0.999798318306064, 0.996154389037642, 25.104386969934001
21.560811944856589, 24.340666879188422, 23.184530834974982, 1.006295477480432, 4.268220011945934, 3.936429983200812, 3.690209542944473, 0.715709762157713, 0.546675206656412, 0.434632896568264, 0.348063929175757, 0.260332292311945, -0.900599022199303, 0.605484134853163, -0.795847545706322, 0.003955557399246, 1.006295477480432, 15.782211639386849
21.738532000324906, 22.243968194467314, 24.220640197065009, 1.013869294221358, 5.099908616708342, 4.155519704793821, 2.992140375946700, 0.952486355877752, 0.294508205651860, -0.077683065531962, 0.122760192839996, -0.137784037149926, 0.982825261254795, -0.278746617774294, 0.945664039662284, 0.167391299561841, 1.013869294221358, 9.212697984134463
25.193152759200942, 23.526317719523579, 22.522633090912077, 0.999291236717484, 4.563656859787407, 3.298879242920854, 4.032929495817165, -0.977946529763720, 0.188309961219545, -0.090332405196540, 0.208320491746535, 0.848550401254057, -0.486379264823307, 0.014938461821099, 0.494471005254173, 0.869065743958043, 0.999291236717484, 11.859910214177237
16.917629056744836, 23.861303549158038, 24.563601355300168, 0.996533831096371, 4.361496604857570, 3.672270755417843, 3.759496649257620, 0.829390146420614, -0.557199221350500, -0.040509415532557, -0.523158996958256, -0.749187683466251, -0.406229588833831, -0.196001655406337, -0.358115683360655, 0.912872668234243, 0.996533831096371, 10.768918999436590
29.647525557397643, 21.867837850329664, 25.870628833143908, 0.990297671955379, 4.900813006994841, 3.942903968873395, 3.057994754968524, 0.820155899593275, 0.490615439905669, -0.294348077093284, -0.029280482063706, -0.477801941950996, -0.877979474496969, 0.571390368953191, -0.728698699322308, 0.377506624939898, 0.990297671955379, 8.475765087984524
19.202897418000436, 25.290535708106635, 24.871503532339595, 0.994563606718533, 4.381711275797389, 3.820713756379372, 3.575470710361290, 0.814791307597844, -0.579370843370515, 0.021084376090732, -0.480970797379331, -0.655207313237520, 0.582555120781168, 0.323700814227099, 0.484801817789713, 0.812517680014720, 0.994563606718533, 17.686917215308569
20.176939931331358, 24.834929496240278, 23.829696445685119, 0.999778045621614, 3.111803904686867, 4.555097858162447, 4.289677551293734, -0.151866415478809, -0.856046519659897, 0.494085972304208, -0.494614923391042, -0.366970955068631, -0.787837797833343, -0.855741006034240, 0.364028397675503, 0.367682820209640, 0.999778045621614, 18.270381407524862
37.062268397718739, 23.814012918309693, 23.563710943567230, 1.000984917365421, 5.287633482942520, 3.014468624306207, 3.828549643884626, 0.971980662642732, 0.158265450599637, 0.173797694446988, 0.144025675856835, 0.183348285367689, -0.972440235154176, 0.185769201275606, -0.970224434550698, -0.155416699418696, 1.000984917365421, 3.523154388672418
20.556398713231847, 27.111922513908052, 26.400756701165612, 0.994560315899162, 4.554040079559425, 3.398004684085249, 3.868088048659504, 0.980345281296627, -0.182617242928214, 0.074659708174721, -0.197247368610287, -0.899428188092232, 0.390028729764157, 0.004074925245240, 0.397089255773085, 0.917770950691851, 0.994560315899162, 11.813008530238079
29.712340596101967, 23.986114973901035, 24.599852522355771, 1.013910151928043, 4.351600338194436, 3.662141103691760, 3.979588183741034, -0.842481248814161, -0.537311321384323, 0.039011399728336, -0.451711335409238, 0.665089388853338, -0.594653659113854, -0.293568075340856, 0.518606448809621, 0.803034953407222, 1.013910151928043, 21.877169237916764
24.777022867720714, 22.335942155051647, 25.291697233888510, 0.994347315526077, 4.270867183189959, 3.668226921002592, 3.818263104471595, 0.996385637650198, -0.071410940130516, 0.046001507737082, -0.003559908891888, -0.576172415579681, -0.817320423440988, -0.084870419658974, -0.814202570098345, 0.574344136134564, 0.994347315526077, 13.291849799813955
24.447552974670362, 25.172186231760254, 22.516674560346988, 0.993764607314018, 4.451435738539417, 4.023371403230874, 3.334142342552459, 0.925509813648113, -0.378618407721274, -0.008926711356549, -0.355568237939178, -0.860566838605044, -0.364686090305278, -0.130394835058236, -0.340694610506137, 0.931087734513890, 0.993764607314018, 14.683984961517332
28.025600420410832, 24.802750576272476, 26.339168551509541, 1.005114931178747, 4.760302549375220, 3.485296090184350, 3.723889044551907, 0.993986575787963, 0.096205512613411, 0.052299010469717, 0.108213334118803, -0.936069958829096, -0.334757981975914, -0.016749969319767, -0.338404390515970, 0.940851692355018, 1.005114931178747, 20.471909164851247
20.409976150904772, 26.226667199744067, 25.377570523561872, 1.004009365217961, 3.441247261421457, 4.335396987603666, 4.127549925409926, -0.613590105380425, 0.776370346336321, -0.144070357495427, 0.245689599119531, 0.014314743818350, -0.969242853465477, 0.750429079569630, 0.630114412975165, 0.199529504327657, 1.004009365217961, 17.465035167062624
30.622095922551843, 26.297076615391831, 26.129580032849930, 1.004551419889758, 4.510995288130431, 3.888092225356019, 3.516668068638590, 0.970664815949469, -0.222210249850669, -0.091828208841766, -0.083790239462084, -0.670606628896032, 0.737065767114161, 0.225364173835750, 0.707749499570295, 0.669553310057778, 1.004551419889758, 13.817609095496788
21.717681625142344, 28.165340874075635, 20.761352375232356, 0.983387856814101, 7.164607441784911, 4.405299783577363, 1.833286961582987, 0.996608819944969, -0.082242685001095, 0.002645897145959, -0.067613769073697, -0.836815785689822, -0.543293400523120, -0.046896036501447, -0.541272095700617, 0.839538730599320, 0.983387856814101, 4.890370683050604
23.065645765746766, 25.275032763797292, 24.236934373722818, 0.988164408608243, 4.095736627447827, 3.827599354035396, 3.745009484138989, 0.495324340181912, -0.834330218736390, -0.241964634041094, -0.861579678869533, -0.507427961006193, -0.014047111737665, 0.111059691078382, -0.215429688047830, 0.970183381905292, 0.988164408608243, 27.619891515817738
24.478282542526536, 23.239033966220788, 23.522592499447796, 0.993882159163131, 4.316128679942906, 3.966352556935099, 3.489335905217115, 0.921351998572202, 0.382843969912501, -0.067386863917569, 0.388306664012399, -0.914497777053231, 0.113629883605772, 0.018122621514876, 0.130859888683793, 0.991235219371817, 0.993882159163131, 15.395241503221422
21.171489027609567, 25.015475834923190, 25.831095359359967, 1.010329778127643, 4.502319578848027, 3.908539266572282, 3.565844958527627, 0.850919968274238, -0.502954866353629, -0.151563880932669, -0.374126800250688, -0.377733601738315, -0.846963082697222, -0.368733433426305, -0.777401909265087, 0.509589959226677, 1.010329778127643, 22.408576407177804
28.615502468688991, 26.076626793368689, 25.036803711492730, 0.999284666298971, 4.361029713396137, 3.772733888500357, 3.690168905435482, -0.292481411610743, 0.821237700919996, 0.489921690119785, 0.870763168811960, 0.440479211017273, -0.218516746502770, 0.395254510034664, -0.362693676880698, 0.843935524224462, 0.999284666298971, 22.690822717326228
20.512995365490848, 23.715536685837073, 26.962600963893255, 0.984115816206182, 4.797580846268652, 3.226814282168674, 3.745986053892852, 0.981979341473474, -0.165624767815430, -0.091022025935522, -0.060423420341479, -0.731494115319072, 0.679165200468785, 0.179068654972217, 0.661426334174603, 0.728319724617416, 0.984115816206182, 11.740069471485212
29.704588072875566, 25.744762056326810, 25.605921427656696, 0.992989875449603, 4.161451933762215, 3.813923254932066, 3.753543234666089, 0.914811856492343, 0.319582514553466, 0.246954011129029, 0.198202346923441, -0.887998440476362, 0.414939271924927, -0.351902112660713, 0.330644501093292, 0.875693506314678, 0.992989875449603, 19.188609343384538
26.197913799281956, 26.454280206988312, 24.447018276673422, 0.990645971924925, 4.546117889800232, 4.018415002878946, 3.238051468198749, 0.873749223724007, 0.446112606975698, 0.193767479054256, -0.187446623595735, 0.676476204253009, -0.712210438270881, 0.448805144070625, -0.585972257855939, -0.674692860254915, 0.990645971924925, 22.001610106860003
28.778701444472713, 23.878951456755207, 24.193808668714833, 1.001225644814503, 4.132215752120058, 3.988493066782413, 3.705338235542672, 0.860606970222779, 0.503784587506889, 0.074543491965981, 0.177687199297018, -0.434211625890788, 0.883112406858414, -0.477266070457507, 0.746767268519311, 0.463201624196480, 1.001225644814503, 20.877605371338117
17.292063001641061, 24.395830801815986, 28.879569645289472, 0.994506850925318, 6.469330763505377, 2.284580643675203, 4.049312389738323, 0.937601739680723, 0.316452929806322, 0.144085117082499, 0.150286088661196, 0.004861566927391, -0.988630596695211, 0.313555528260310, -0.948595756043640, 0.043000259457272, 0.994506850925318, 5.156599490353331
29.837230750251173, 24.605321607463164, 24.917228634777231, 1.012836701097868, 4.450124594282492, 4.054879502657403, 3.503418027720674, 0.975909723659447, 0.210187624845976, 0.058492509166117, -0.020314571948619, 0.354476496668391, -0.934844228455334, 0.217226907710544, -0.911135322370564, -0.350206931535062, 1.012836701097868, 23.152526596764744
19.965841238505082, 23.815255105890351, 27.514543693200331, 0.994666360806419, 4.596121891608177, 3.444005711562986, 3.782689417742281, 0.960309076652770, -0.270293318671827, 0.068905726755281, -0.204884680676466, -0.515871058430043, 0.831804856140170, 0.189284824860330, 0.812907481178293, 0.550774620077902, 0.994666360806419, 9.206402185382190
29.149930795405517, 24.888140460319679, 24.258153979518173, 0.996511535066047, 4.482600477962367, 3.480981718679697, 3.858682175117788, -0.460651087876767, -0.632016853551693, 0.623181572308239, -0.113719212209673, -0.654299502717972, -0.747636343095643, -0.880266162028487, 0.415267212249694, -0.229531319035127, 0.996511535066047, 22.779035415780072
28.983360541823359, 26.448817472721657, 24.016171019391464, 1.001651840384063, 4.529202480710491, 3.951253859358049, 3.416783838327219, 0.969708968293767, -0.223938245071062, -0.097550905711478, -0.084469671540741, 0.067292443038218, -0.994151196599264, -0.229192913067652, -0.972277424146237, -0.046338095505995, 1.001651840384063, 15.685593167697087
22.888425879373646, 25.341019261777721, 25.156583996289825, 0.993809995702303, 3.324617508958406, 4.016259404083275, 4.472706825683960, 0.769723711316801, 0.610457240628449, -0.186728052528244, 0.395354718101320, -0.685508648266530, -0.611369397358766, 0.501218570198388, -0.396761704951593, 0.768999411165047, 0.993809995702303, 28.314108515841237
33.369928535053546, 27.337835380034484, 25.241587453359589, 1.004253739557294, 4.521811631905444, 3.834849649030793, 3.553803071894190, 0.870510559425478, -0.346237089890426, 0.349758836218545, 0.204967007112087, -0.391052556058989, -0.897254938350994, -0.447437025651941, -0.852758920201918, 0.269448199273634, 1.004253739557294, 6.991560081862994
19.512516726148775, 23.815511769410882, 27.560493525814429, 1.000869520563406, 4.204707642458970, 3.964799203939432, 3.659309842049594, 0.972174520938778, -0.214021421475827, -0.095244590328919, -0.128337470859087, -0.146457953889286, -0.980856544717960, -0.195974984145809, -0.965787191306672, 0.169849659101865, 1.000869520563406, 8.721201069858875
22.167800731338904, 25.402284819943269, 24.539894223396853, 0.994571162656416, 4.269152345281017, 3.885343248881490, 3.608779415904390, 0.079628458554505, 0.995697804600477, 0.047383441221835, 0.995411498656024, -0.076895531064181, -0.056947569269683, 0.053058994822756, -0.051700669397477, 0.997252116494245, 0.994571162656416, 25.499474288950612
30.619526528072196, 24.237327949339619, 24.740610972926188, 0.984553947561903, 3.460380352070155, 3.923380607935056, 4.277185330392162, 0.298453790437244, -0.939431269796893, 0.168505858359399, -0.866766429744050, -0.192874724307397, 0.459907922297602, 0.399551362458437, 0.283316483902969, 0.871831680260855, 0.984553947561903, 20.087579038057733
22.031112761106662, 25.881812567877923, 21.991537216654464, 0.989799302287820, 2.870714539218213, 4.711668562151614, 4.362148861641111, -0.106978585868298, -0.805418076073639, 0.582972816604220, -0.384799189868053, 0.574184149190474, 0.722663231592213, 0.916779780341227, 0.147017976969651, 0.371349631486611, 0.989799302287820, 8.775619671509943
28.239838955049443, 23.184046372078509, 23.296785486621562, 0.988873106597520, 4.653887714819455, 3.342836640499770, 3.781938281194730, 0.974557967120508, 0.175916826447959, 0.138888584464026, 0.213438957613720, -0.539250234990415, -0.814649001371481, 0.068414765180558, -0.823566909385790, 0.563078116845281, 0.988873106597520, 12.689166942003741
27.671005854228859, 25.650189549658574, 25.475349092723505, 1.004155956984993, 4.912412691818652, 3.382808018935228, 3.707277578391289, 0.904909657195261, 0.415586250803393, -0.091796407652665, 0.110953966044902, -0.022128542156824, 0.993579158920376, -0.410886516855520, 0.909284551592730, 0.066135274257730, 1.004155956984993, 24.982589610845164
22.178494833489196, 25.759738729086159, 26.445655367221431, 0.994601839290480, 4.534546158273758, 3.336327497255075, 3.957027477265672, -0.928623905598946, -0.358456467467553, 0.095742377664450, -0.371000836565080, 0.899904516001778, -0.229194767278000, 0.004002651392466, 0.248356242140779, 0.968660495618326, 0.994601839290480, 18.258546474555640
20.159069680464476, 25.729689356289374, 26.243159791324494, 1.004079900720158, 3.276378584907196, 4.685826906796745, 4.011883324805127, 0.616922588886410, -0.759408403246120, -0.206652840292284, 0.121989253034548, -0.167133521219190, 0.978358323023292, 0.777512148757666, 0.628780775122819, 0.010468780740091, 1.004079900720158, 15.375576529674632
22.068399873944337, 25.555987247561820, 24.315667695091804, 0.974607085372127, 3.093146026402644, 4.315315633714194, 4.219874127824793, 0.168394648372332, 0.957319116357100, 0.234911370216130, 0.502689250191290, -0.288398338446697, 0.814941664245547, -0.847907282750701, 0.019144394439237, 0.529798765589235, 0.974607085372127, 24.080370371549630
22.598789791308882, 26.527087175047971, 24.217557339536544, 0.990305514344658, 3.426734059122288, 3.957572066237289, 4.357347061077227, 0.284555563286271, -0.919041187073960, 0.272747920000354, 0.338433947312456, 0.362495483363815, 0.868365987269966, 0.896933996852245, 0.154791217459262, -0.414184843141485, 0.990305514344658, 20.301211893933083
12.327227689578850, 25.749158123791581, 22.943619564898626, 0.969444873550676, 5.217962027536034, 2.948091154853339, 3.603722381263027, 0.913840949936312, 0.376931949068443, 0.151053050253755, -0.008985722656073, -0.353123841299670, 0.935533435796986, -0.405972874719293, 0.856286084481834, 0.319312020623909, 0.969444873550676, 3.044836976851977
25.737172008254859, 26.314994677858358, 23.538349087123841, 1.010037392743278, 3.328500436211101, 4.093733981856414, 4.601166128338886, 0.348026160094245, 0.905734388535558, -0.241915293675645, 0.870077494561431, -0.215982487053271, 0.443076425398583, -0.349060088448619, 0.364687239577151, 0.863226663131903, 1.010037392743278, 18.828044234344798
10.026935698861905, 27.703787699236589, 26.317308908294425, 1.009950652416038, 7.029165170526608, 2.774994950364639, 3.213352061737865, 0.970176157108141, 0.242399488285382, -0.000843953710173, 0.235841441604405, -0.944721355176843, -0.227772639917059, 0.056009272454087, -0.220780545229454, 0.973713978664859, 1.009950652416038, 2.056494506081743
27.183192373146465, 26.041418721451212, 25.288197070021855, 0.993749861040436, 4.668115062971244, 3.381597039565424, 3.782610551534455, -0.687621982520261, 0.681997736908215, -0.249108602836149, 0.353957257873706, 0.614429601381013, 0.705117383522273, -0.633948159358029, -0.396680415194451, 0.663893349452851, 0.993749861040436, 22.391260315641425
21.166475727315500, 23.507355215763379, 23.498187256337086, 0.994503275569902, 3.442351831040777, 4.263741282980630, 4.077522319102227, 0.317487099003410, 0.821504783417639, 0.473636815279744, 0.354422480496207, 0.360477411639853, -0.862809794228339, 0.879537746367553, -0.441798513487055, 0.176712835400584, 0.994503275569902, 13.588682554281677
25.562787654532272, 25.100961250087515, 24.019731539124937, 1.004466505215638, 3.530487214784862, 4.127722270230668, 4.231409535502845, -0.507209934895290, 0.663400042800154, 0.550125863013430, 0.438240568537444, -0.351102323190244, 0.827449311280390, -0.742080377069422, -0.660777982277836, 0.112646225437595, 1.004466505215638, 26.695901839177228
25.156337735137846, 27.026859593339761, 24.862260261559676, 0.989654969785497, 4.234634117512241, 3.890661469917570, 3.579611439032305, 0.641644141949742, -0.554947281016831, -0.529458506772350, 0.402101593825100, -0.344449069894742, 0.848333157722815, 0.653151669480293, 0.757224110511989, -0.002131458287775, 0.989654969785497, 18.330672788890894
17.077632184245324, 23.186339589249393, 26.262753718178178, 1.004760798577192, 4.879936355315351, 3.967498659822813, 3.187725337581213, 0.988941608821484, -0.143037592782816, 0.039175775582265, 0.002466223064618, 0.279980869795629, 0.960002411607532, 0.148284901744480, 0.949289713206342, -0.277237494425356, 1.004760798577192, 7.967917962884101
23.532574725553111, 24.914701017363985, 26.371566115112795, 1.000227074535134, 3.213677042945920, 4.442126066180188, 4.265073324939717, -0.453115143386606, 0.875171958135453, 0.169589830258460, 0.258989211774839, -0.052797195936289, 0.964436127633921, -0.853001321814910, -0.480922550723734, 0.202736886597861, 1.000227074535134, 22.607556277464592
16.967801552750835, 27.791342370783887, 22.946806068328215, 1.009761578409505, 2.662666069894381, 4.905529916839529, 4.795983564159088, -0.188238605133081, 0.944491259172795, -0.269262862058137, 0.912208875848633, 0.269730330114886, 0.308416140691580, -0.363924709741624, 0.187568148581528, 0.912346970881787, 1.009761578409505, 5.467031208615043
22.320427191669189, 24.775859790986541, 25.644153091626247, 1.015982061490394, 4.468329519053140, 3.933239244878803, 3.630666491837416, 0.627507875074299, 0.747159623311407, 0.219057901051057, 0.714421071807338, -0.664380619447533, 0.219547089846729, -0.309574544944175, -0.018732052628294, 0.950690649647370, 1.015982061490394, 26.687856533021119
36.056521666197469, 23.409796852020008, 22.312176653640950, 1.015402497136873, 6.520378814280311, 2.685150581224847, 3.638287395331327, 0.993900299830936, -0.108910236002666, -0.017342274643741, -0.005152878293186, -0.202943298825987, 0.979176932585180, 0.110161889241566, 0.973114884253380, 0.202266606742831, 1.015402497136873, 3.643421406572644
27.019480104179870, 22.828894836115886, 27.896060620229605, 0.993347296141124, 5.377363347528841, 2.927348792643478, 3.788639488103767, 0.998388238482967, -0.055720681642509, -0.010776404603204, -0.027235410939291, -0.636990616251756, 0.770390282388203, 0.049791140274609, 0.768855097170137, 0.637481514952122, 0.993347296141124, 8.147137966501100
17.969476143044947, 27.181287323077413, 22.600356195193640, 0.998907976360145, 5.189890525857388, 2.624659986819998, 4.452141812894635, 0.988591146601870, 0.058370471402894, 0.138853998605024, -0.050452823005426, -0.740281961139839, 0.670400723941835, -0.141922716684762, 0.669757796579598, 0.728891237709481, 0.998907976360145, 6.008549474721023
22.105409300283959, 26.090627169998584, 22.469315928948269, 1.004950696555897, 4.645785317893690, 3.515123317911887, 3.781449959666781, 0.970549445184098, -0.202130739839867, -0.131060819715989, -0.115033544063970, 0.089148741539138, -0.989353215804179, -0.211662604616218, -0.975292605269709, -0.063271446271619, 1.004950696555897, 10.452406720817944
31.399060103140108, 25.599463911657388, 23.675171100877208, 1.004431968061927, 4.547174870143199, 3.630182677486830, 3.735211837117704, -0.662194109117172, -0.543518237922276, 0.515836104684791, 0.585061463673079, -0.805133362980744, -0.097279759148713, -0.468190180989765, -0.237377742977689, -0.851146145831366, 1.004431968061927, 13.295705366289550
29.481242126780796, 26.326172028189671, 25.011390816826012, 0.995201858748342, 3.463605785416790, 3.992362882299701, 4.337094286545403, 0.631602861600395, 0.742332449668407, -0.223652318091037, 0.743230797862303, -0.661843152827556, -0.097834667496983, 0.220648603728093, 0.104432634863737, 0.969746368102640, 0.995201858748342, 18.660286975767217
19.712631760992352, 25.039983207944346, 24.168608460202545, 0.994731494462915, 3.592274431128038, 3.988029908971045, 4.180358092828135, 0.486695388598435, -0.863165164245797, -0.134437710295678, -0.160636469965993, 0.062840369253565, -0.985011173799029, -0.858675446972768, -0.500995995218128, 0.108071687048529, 0.994731494462915, 18.304213545122156
16.679135074169132, 24.456533758453716, 24.810734704193052, 1.007974575566093, 3.331384568660412, 4.512008470065345, 4.145508897172643, 0.239566045250076, 0.969588474432692, 0.050062962462512, 0.451598341963664, -0.065637557163753, -0.889803713537567, 0.859457414593014, -0.235775107542886, 0.453589077430479, 1.007974575566093, 10.859331464092090
20.385883425015862, 25.032684373974799, 22.829742745590615, 1.004105852564864, 4.634719957452463, 3.840702478559550, 3.460414517799820, 0.915208208719184, -0.325239132186523, -0.237935792993783, -0.400205768873067, -0.802739650372509, -0.442090936664098, 0.047215222690777, -0.499828531212835, 0.864836494449604, 1.004105852564864, 12.358820522073545
25.212695370148953, 25.138241608561440, 27.289277825243090, 1.004601603165657, 4.430192290582701, 3.501521491953795, 3.976729226442145, 0.991903234854324, -0.105428167507791, -0.070801653804681, -0.073154386005805, -0.018613827938259, -0.997146910549092, -0.103809481713582, -0.994252697710916, 0.026175649006731, 1.004601603165657, 15.511835791146110
21.345632070243070, 25.412217638580188, 22.545081077672346, 0.999007852662556, 4.477208345095537, 3.866333782572880, 3.504482140061839, 0.721174300025085, -0.686812724143419, 0.090531270498233, -0.647448787316869, -0.714714050534458, -0.264563591165801, -0.246409611795572, -0.132182101372783, 0.960109470472733, 0.999007852662556, 10.628337242747318
24.286561439632674, 25.057013737337513, 23.164255374956515, 0.988595919127891, 2.777062452875116, 4.339572157172769, 4.878066013682031, 0.854525636689232, -0.411542463042466, -0.316889156257835, -0.302763922694815, 0.101067701270101, -0.947691577927347, -0.422042584765223, -0.905769353021462, 0.038235268689673, 0.988595919127891, 20.325691906469050
16.440149179528895, 23.566895889039692, 25.068988004180952, 0.989261101220085, 5.013593591535745, 3.213753390142951, 3.655905126517611, 0.996182299322840, -0.062109824537661, 0.061344895564020, -0.067693288736586, -0.993307762573442, 0.093580486595063, -0.055122093355430, 0.097375862035951, 0.993720029141443, 0.989261101220085, 8.913196916732170
28.444483333039660, 24.097376916678630, 25.410693361187686, 0.988116357631476, 4.553017544877251, 3.460975469197905, 3.725205326857979, 0.922020275086846, 0.379633441426318, -0.075875308761071, 0.190159584173504, -0.273386351209159, 0.942920588130041, -0.337220914054477, 0.883820317215752, 0.324258696106842, 0.988116357631476, 22.420629751550848
28.222260167055211, 25.992255994821154, 22.138287229556202, 1.004272383462833, 5.096717047870300, 3.347317403423247, 3.612359254837731, 0.978698006833714, 0.205298094566480, -0.001704050201098, 0.174046867701313, -0.825257486473163, 0.537268805034650, -0.108893981757841, 0.526120493221250, 0.843409347440229, 1.004272383462833, 9.638141321617736
18.919617096270695, 23.887950719932913, 25.210353559163629, 0.995381811096605, 3.360604471673803, 4.441174940496969, 4.020477293635045, -0.403625559507741, -0.797846354740572, -0.447803083887600, -0.834364011010539, 0.120163432688854, 0.537956732995170, 0.375397262699754, -0.590763864561479, 0.714195317462890, 0.995381811096605, 14.379598869440288
22.624124470853758, 22.463692177352247, 26.903509836998371, 0.988578810496243, 4.740053601256306, 4.128747514110214, 3.003696912065058, 0.427670244758585, -0.897946099796866, 0.103879562993541, -0.561570610259626, -0.353982501149290, -0.747886915631450, -0.708333686507117, -0.261513270676059, 0.655647922149950, 0.988578810496243, 8.710976756810318
21.002032501647548, 27.551765213734431, 27.260428059495553, 1.005914419756907, 5.588905306776835, 2.585638714695997, 4.285606597595748, 0.992186593374292, 0.082833004871037, -0.093297680744759, 0.004740457645466, -0.772289480802758, -0.635253088070195, 0.124672739560931, -0.629847323678875, 0.766647935407727, 1.005914419756907, 8.168826079649667
24.681692556052251, 20.765154501927565, 22.637452808042088, 1.004470720245743, 6.841309925710295, 4.091171453866548, 2.203173471326758, 0.972427447649740, -0.233163665249186, 0.004423151023552, -0.104362834960865, -0.418135335370162, 0.902369791157602, 0.208550372179823, 0.877950765431894, 0.430939898061446, 1.004470720245743, 5.982825505161329
25.642681584280240, 23.042942074076496, 24.786990753019047, 1.009436684623777, 4.652979993817402, 4.107666489775060, 3.274422263685484, 0.879089020122291, -0.473973678606324, -0.050511847014517, 0.013474021179490, 0.130638484619084, -0.991338507821462, -0.476467150445530, -0.870794199753775, -0.121229188818114, 1.009436684623777, 19.083701434471724
21.001069308071145, 24.118661313528353, 24.578946522731226, 1.007428577072948, 4.321985481371835, 3.878498783055912, 3.711245027959917, -0.604106109851631, -0.638097162987482, 0.477375971983568, 0.370611380884669, -0.755275689315652, -0.540560669571441, -0.705480695978769, 0.149635035055605, -0.692752729251368, 1.007428577072948, 20.783762408770606
21.894586511493113, 23.357674237440392, 27.593790387712410, 0.994267260829075, 4.959094550675301, 3.935444009448156, 3.064340949748707, 0.764279000992405, 0.627105731598775, 0.150386202950990, 0.632133900905602, -0.682365907262925, -0.367128723925427, 0.127610109191701, -0.375652991471133, 0.917932726309979, 0.994267260829075, 9.169327430340802
23.892128008979995, 23.730339914649534, 25.634405635407049, 0.999711296872831, 4.653561779015138, 3.841167032665722, 3.400939578833964, 0.864070317424051, -0.482642479064803, -0.142964065236273, -0.433647477425155, -0.569515162355774, -0.698285289240492, -0.255601940269436, -0.665363597778732, 0.701397840659238, 0.999711296872831, 22.521833526166510
17.386159547479068, 22.251284652665252, 25.832855618891589, 1.009763444012637, 3.143658651967649, 4.711922581674675, 4.229112098650030, -0.406936112768409, -0.899918968474980, -0.156680727289178, -0.892049422738077, 0.354593473256245, 0.280198672582040, 0.196598137116304, -0.253789910955896, 0.947069085959096, 1.009763444012637, 6.465120022486310
19.530524716327974, 23.046294633058395, 25.307737999642978, 1.004078918747332, 3.507864188739935, 4.348279170615619, 4.038007772683435, -0.371362669889016, -0.761092597208094, -0.531815593874362, 0.134396556647666, 0.522681142465840, -0.841868154090565, -0.918709602090972, 0.384112589985858, 0.091816040211959, 1.004078918747332, 12.215710562352186
15.282715743565888, 25.872338638003683, 25.760084567673687, 0.978836409592048, 4.543545369719907, 3.265001448170463, 3.846589949483653, 0.959150170946770, 0.215181001553052, 0.183652079060947, 0.249891501267852, -0.340135711903278, -0.906566012534195, 0.132609151897152, -0.915426039644206, 0.380013129739542, 0.978836409592048, 7.298367190388176
29.151930026701958, 26.162794100423866, 24.219881737251939, 1.001365026938741, 4.280961822522008, 4.058844366404617, 3.516068264571906, 0.713720929965714, -0.698539060684501, 0.051435540503531, -0.219716445910079, -0.153553408237345, 0.963403360080988, 0.665076775662419, 0.698902376241997, 0.263074801069527, 1.001365026938741, 17.800946844170049
19.516991264536404, 23.173018246989244, 25.024660524957362, 1.004741952127004, 3.279528498397283, 4.562635431375921, 4.124394742714750, 0.135034940588327, 0.984853467222934, -0.108762185153080, 0.896850894619533, -0.074823719346213, 0.435958580421745, -0.421217328276569, 0.156413104061536, 0.893370529644551, 1.004741952127004, 12.897007459058472
23.037163710174237, 26.044725776372022, 23.366753232588348, 0.998941546322453, 4.487751581279792, 4.134477001765312, 3.268847292657762, 0.475136923769423, 0.879801026661951, 0.013966286389263, 0.345563301228276, -0.201171713664318, 0.916578390791304, -0.809216231000803, 0.430674000963535, 0.399611056377218, 0.998941546322453, 17.558612924831827
34.797810026028841, 22.001638137060031, 26.409088552409280, 1.007773718654219, 6.115219248118366, 2.660921754886522, 3.827090589441506, 0.998292391439905, 0.057397443654858, -0.010855167206529, 0.046628788104251, -0.671058203234819, 0.739936918927002, -0.035186038610835, 0.739179559601822, 0.672588671740562, 1.007773718654219, 4.352065597203545
30.303574996710850, 22.025348328255138, 23.713807333142888, 0.995198896925072, 5.040548379438272, 2.998336333584336, 3.968216117305472, 0.969402814896762, 0.160400379305197, -0.185822228995840, -0.024772181902066, -0.689201633080620, -0.724146012875040, 0.244222278824116, -0.706592405335463, 0.664140535766490, 0.995198896925072, 8.207135678835296
19.177757730647677, 23.437635190215289, 23.088175886802929, 0.983475364403062, 4.502019269658020, 3.711292902005884, 3.464030201358387, 0.999123599130489, 0.038992284122611, 0.015219574220042, 0.008986487220004, 0.155304475963809, -0.987825775525751, 0.040881251301574, -0.987096814666377, -0.154817963323089, 0.983475364403062, 9.436505920362810
29.643709624034706, 27.351182224003473, 26.616555688422562, 1.013655065626893, 5.237736411140799, 2.834129886625043, 4.269047532161975, 0.963345271832770, 0.104793982845328, -0.246949606998795, -0.007725685590610, -0.909325641333706, -0.416013451459444, 0.268153316256953, -0.402672446502684, 0.875184951771876, 1.013655065626893, 9.703522652732394
23.287539048747785, 26.187128032213298, 23.505503542818825, 0.999218505071004, 4.495804924136888, 3.933035007226166, 3.432969367850667, 0.955828329096104, 0.281485609180291, -0.084605301971864, 0.136521726148802, -0.170258510520192, 0.975896438094123, -0.260296030677960, 0.944339923660885, 0.201166808876247, 0.999218505071004, 17.737083334246904
29.091768654135805, 23.496958500217644, 21.480486696889912, 1.000969689093784, 4.985962291534556, 3.903764833822721, 3.135118323739629, 0.921972643100736, 0.358883230345578, -0.145496640341163, 0.387199549746657, -0.860661620546910, 0.330663096812379, 0.006553933920057, 0.361198562973734, 0.932465894312431, 1.000969689093784, 6.103058508680472
21.830056703416393, 25.004063669963450, 24.411656336162459, 1.002057970586155, 4.271772476769906, 3.805009229490146, 3.766504638340558, 0.492717884301490, 0.789775081247862, 0.365355179967928, 0.385215688817413, -0.574437790749763, 0.722239640041626, -0.780280692814060, 0.215119840085624, 0.587269524854768, 1.002057970586155, 24.318916810830057
28.386229582081853, 24.740395136307058, 24.952281811943028, 1.004878039145604, 4.513174647538725, 3.618252654180042, 3.780792389005389, -0.706006942464604, 0.707496020883792, 0.031679293322010, 0.280967472059091, 0.238754220060893, 0.929544889743276, -0.650085745757054, -0.665165996452551, 0.367345505385297, 1.004878039145604, 27.164915981540066
18.702019156001391, 24.694937076532728, 24.502409586951760, 1.002488799092626, 4.309786891291713, 3.678782741698821, 3.866361381101725, -0.631764134940841, -0.626321462058212, 0.456722567832721, 0.706352873382603, -0.222463569837595, 0.671993733869040, 0.319279965025354, -0.747148838090763, -0.582948469140311, 1.002488799092626, 16.428888894093038
21.221246197798664, 24.488617217865894, 26.982395781230970, 1.013882111183260, 4.796846431892558, 3.889880015030910, 3.398553842042007, 0.953879814874821, 0.273845205593363, 0.122971956753995, 0.042470046727053, 0.282418466875119, -0.958350721134445, 0.297169301754706, -0.919374033210335, -0.257763056222540, 1.013882111183260, 14.472265718452642
32.574411469465026, 25.311136517541438, 27.399027406419307, 0.994726460239407, 4.677033560046192, 4.029694736136165, 3.177548376886064, 0.973004499260194, -0.229602004722494, 0.023348744009729, -0.230368976638591, -0.960182070902779, 0.158052286662792, 0.013870076492511, 0.159164412304576, 0.987154653959465, 0.994726460239407, 7.301007174445428
24.543664901369119, 25.840405612959124, 24.399511779797578, 0.990108723885305, 3.530712190242701, 4.337937849706609, 3.855909325322993, 0.992127568555159, 0.104076430594350, 0.069649007943886, -0.012211578123790, -0.473110509536700, 0.880918454299631, -0.124634526005255, 0.874834008461413, 0.468115042021490, 0.990108723885305, 24.838777924096803
24.037978961020467, 24.879477107106670, 23.186866059266968, 0.999587065091616, 3.271100593899548, 4.046233829499618, 4.591354223725223, 0.652053970085291, -0.732502020023146, -0.195618022579773, -0.535282186568885, -0.262050308420229, -0.802996025269675, -0.536934447431009, -0.628307589098583, 0.562966226911601, 0.999587065091616, 20.539085163217507
26.638115896173908, 24.436176938242010, 25.417496134802363, 0.984763816760999, 4.324034174553027, 3.705780471295216, 3.626195682465484, 0.963814729192229, 0.196193157088310, -0.180469977846266, -0.259819124365486, 0.842806265980822, -0.471350846649730, -0.059625417449794, -0.501184440236513, -0.863283827289004, 0.984763816760999, 23.645587214274105
29.197453361588025, 20.797070949793742, 24.739914090700292, 0.995248544252191, 5.598288704378138, 4.454900339545574, 2.405055831421334, 0.976300105647906, 0.206960156925248, 0.063289787148987, 0.059653153791506, 0.023771635682995, -0.997936075397459, 0.208037508528184, -0.978060531246626, -0.010862424358955, 0.995248544252191, 5.925409102680769
23.282910679587040, 23.185358959637902, 23.733125292951499, 1.009674871491027, 3.330984432896846, 4.295410768401272, 4.377147005665068, -0.282007998260190, 0.901439536461948, -0.328448247096174, 0.605862291143022, -0.098121269814728, -0.789495472172497, 0.743910191547480, 0.421638445250446, 0.518477240000540, 1.009674871491027, 15.675279530708865
32.534003644747216, 25.439295057557672, 24.412213690623446, 0.984492226992976, 4.798202344932836, 4.044465634550583, 2.991720106037937, 0.882868289124987, -0.444171576005766, -0.152496541357741, -0.383785779536204, -0.869547139496097, 0.310799368757314, 0.270651176763206, 0.215868902954341, 0.938162329905642, 0.984492226992976, 12.823123811359469
26.124740245321867, 23.368525167007572, 24.509075340188971, 0.993934371359950, 4.600135140706063, 3.487218852190423, 3.724321184025405, 0.758506000924671, 0.588156172821263, -0.280608201828650, 0.342001081071215, -0.725812651103581, -0.596851117150761, 0.554710651698148, -0.356746845634598, 0.751683298352691, 0.993934371359950, 20.563567604939351
31.176911960047384, 24.716563115986769, 24.635428289090907, 0.994985169798829, 4.182580274159936, 3.741844831060974, 3.829513085790159, 0.902975108630104, 0.428495154300219, -0.032060192383773, 0.415146315294935, -0.850725289481368, 0.322366280392166, -0.110857972611315, 0.304398397791569, 0.946071945113285, 0.994985169798829, 18.318056214923462
