xis_x,xis_y,xis_z,local_bandwidth_mbe_breiman,eigen_value_1_sambe_breiman,eigen_value_2_sambe_breiman,eigen_value_3_sambe_breiman,eigen_vector_1_x_sambe_breiman,eigen_vector_2_x_sambe_breiman,eigen_vector_3_x_sambe_breiman,eigen_vector_1_y_sambe_breiman,eigen_vector_2_y_sambe_breiman,eigen_vector_3_y_sambe_breiman,eigen_vector_1_z_sambe_breiman,eigen_vector_2_z_sambe_breiman,eigen_vector_3_z_sambe_breiman,local_bandwidth_sambe_breiman,scaling_factor_sambe_breiman
50.907415693219342, 49.522605778016242, 49.165185176664870, 0.449578244074694, 0.145717091171090, 0.175553336707993, 0.180270557025569, -0.464225646254470, 0.879229104452129, 0.107008089619091, 0.219429405502311, -0.002883111678086, 0.975624120072866, -0.858105637646393, -0.476390459131330, 0.191590305308276, 0.449578244074694, 2.638670828104670
53.418202053629905, 50.529511378282429, 48.374877827309817, 0.666481921874331, 0.296679149433613, 0.217164703540851, 0.233194003657235, -0.547464604455923, 0.760694008802306, -0.348750816257392, 0.258536759558973, 0.550114821714964, 0.794060719898837, -0.795890225360675, -0.344555232004670, 0.497835757327196, 0.666481921874331, 1.838460774320503
48.790469159080459, 50.274105286195208, 51.608828189392192, 0.518890670170293, 0.168878486581063, 0.191786846367731, 0.218908669696723, 0.904663572844998, 0.420860148097801, 0.066787391852207, 0.242079899867936, -0.378598099726817, -0.893342488054370, 0.350686672183665, -0.824342292149529, 0.444385692081110, 0.518890670170293, 2.333843232754438
52.029299884839503, 49.725863420853457, 50.758836189853980, 0.456333936560627, 0.194336182984747, 0.165695999605417, 0.149765276561084, 0.747446359090561, 0.566202729169384, 0.347474329646673, 0.624229643779357, -0.777559664712984, -0.075751697265005, -0.227291205525777, -0.273524107333472, 0.934624668301702, 0.456333936560627, 2.591537630041920
53.351048864287556, 49.392520496824417, 48.268168453574177, 0.730724375451254, 0.310128881518834, 0.272792264360192, 0.234053447608897, 0.894874208705084, 0.435540723739352, -0.097490658829714, 0.233974114961560, -0.271780505898501, 0.933483513588488, -0.380074024529966, 0.858160611178442, 0.345114620524021, 0.730724375451254, 1.833206023991986
48.938018266239546, 49.152950545773642, 48.190462333657131, 0.593126137904985, 0.180513518626465, 0.256007510742066, 0.229143357578932, -0.569789419481040, -0.808309811306618, 0.148240569322027, -0.233861175307431, 0.332416861070244, 0.913678270049164, 0.787812774795692, -0.485936497313863, 0.378439892779617, 0.593126137904985, 2.158906693206475
47.785907272382936, 49.870826822829741, 50.368401490386951, 0.426033810652503, 0.167708012777256, 0.157679095095296, 0.148399620510280, 0.484865848205364, 0.873979605245553, 0.032630642943711, 0.238376388034727, -0.096165076928413, -0.966400008074746, 0.841475969277561, -0.476352734425005, 0.254963263107081, 0.426033810652503, 2.793933169771069
47.923850456646825, 50.376849487724080, 52.021985915189397, 0.644763807532155, 0.207872494513032, 0.261759255472723, 0.249995045318846, 0.579642642025614, 0.653075621432663, 0.487346529931123, 0.805940706039325, -0.371163049455432, -0.461191466820213, 0.120307879602294, -0.660098646725840, 0.741482158043141, 0.644763807532155, 1.873553194960624
46.080419444794053, 49.844487370940946, 52.182222697524750, 0.754450940546283, 0.307854906058436, 0.253336169032317, 0.279433362699656, 0.980809338659138, 0.141711810464461, 0.133905951973426, 0.064625359030713, 0.411680066604218, -0.909034149925567, 0.183947286387096, -0.900242903629699, -0.394621477235074, 0.754450940546283, 1.559545138633442
52.627498284761991, 50.601992792466355, 49.848510052027216, 0.464123958102561, 0.181584034077566, 0.170274101467201, 0.164098354652163, 0.764964318722612, -0.509737883111686, 0.393696433311336, 0.436876053707377, -0.038489498690789, -0.898697875922493, -0.473253531184206, -0.859468352536234, -0.193249181655011, 0.464123958102561, 2.512681160192703
47.352743544350247, 50.652773955883134, 51.485313319480049, 0.595824350438241, 0.231776996272481, 0.221810192439613, 0.208800453567157, 0.985511162703855, 0.156345936319086, -0.065754820223349, 0.047767618650602, 0.116144489861759, 0.992083016729549, -0.162745208207638, 0.980849838492753, -0.106993418181647, 0.595824350438241, 2.068473112202441
49.897273158404140, 49.691754670427613, 51.442873592763192, 0.472746422175137, 0.150617190501623, 0.179930555791606, 0.197848977614755, 0.425648214511716, -0.828583192813670, 0.363694226060427, -0.119566700111348, -0.449897335226715, -0.885040220543893, -0.896954514848703, -0.333230071185967, 0.290568955585286, 0.472746422175137, 2.487188090715931
42.891239284320193, 47.052515299092356, 51.137156778516776, 1.764646585740960, 0.894662106354445, 0.482650514454735, 0.645817673961961, 0.935117380265005, -0.287913702325619, -0.206545842706814, -0.216221394415088, -0.925451678910501, 0.311106892560949, 0.280720134161247, 0.246261832233274, 0.927659051732695, 1.764646585740960, 1.012887478515263
49.453265648630172, 49.855386129680021, 49.732972740556832, 0.398052273408203, 0.130420966967905, 0.158685921312660, 0.154654668544429, -0.160336489624920, 0.945511988289745, 0.283371293703387, 0.844999179274132, 0.279862781957840, -0.455689818078990, 0.510165264518080, -0.166384804820607, 0.843829070134471, 0.398052273408203, 3.035871353762148
45.956223732112640, 52.646962651850700, 48.997713054759366, 1.008037043910785, 0.459629111691881, 0.309093358073447, 0.365898641905138, 0.966138430130933, 0.176279918974619, -0.188419542485479, 0.212859355313208, -0.957246313620614, 0.195883613187501, 0.145833564997159, 0.229357548875216, 0.962355280597645, 1.008037043910785, 1.390876342815196
47.583120477381897, 49.827523221117168, 48.528218738025409, 0.545828963747499, 0.204103089021130, 0.220649700802298, 0.183250569613452, 0.986156389756965, 0.163094969727885, 0.029926673570075, 0.125642096150396, -0.852730450453161, 0.507015623570797, -0.108211083611818, 0.496236646892800, 0.861417176322916, 0.545828963747499, 2.243330420331206
48.588087025535629, 50.586170483047070, 49.714478308885155, 0.420247941437625, 0.135330725825255, 0.168279655011833, 0.165393059950973, 0.839965843799166, 0.479648621881339, -0.253760873221399, 0.293011947046454, -0.794515936393386, -0.531872565287012, 0.456729000763911, -0.372399820548122, 0.807909025520154, 0.420247941437625, 2.982031679556509
50.676825963413314, 49.911460319390912, 50.591854408425611, 0.415239629435035, 0.129176740389050, 0.161664613790153, 0.173990531942544, -0.536413846957536, -0.600829218267082, 0.592675657732612, 0.667174435596454, 0.128185304121411, 0.733789343268117, 0.516854386920310, -0.789032811918407, -0.332097522480011, 0.415239629435035, 2.838685378222372
50.991730268823119, 48.022734917887753, 51.249278615736792, 0.619136532837070, 0.265806535167010, 0.221258202620083, 0.204796617767090, 0.663657787305688, 0.717300821588742, -0.212221282383823, 0.332503580893358, -0.537012477625390, -0.775279928521134, 0.670074406347245, -0.443956225570446, 0.594897604412416, 0.619136532837070, 1.850866207723184
53.245805655431795, 48.406835823872555, 48.098351753729133, 1.030367790539973, 0.305987937932855, 0.470880310889235, 0.385292456318643, 0.622171116761264, 0.701637471303668, -0.347286568025077, 0.738488019615211, -0.378730417279561, 0.557851876318485, -0.259881793038384, 0.603546294736240, 0.753785993341154, 1.030367790539973, 1.862752038093368
48.606986925693526, 49.272815578616971, 51.344752036372761, 0.511254915240558, 0.221333475971295, 0.193275065759252, 0.158532415526153, 0.553086736589405, -0.789803275241377, -0.265152499944609, -0.513043218875123, -0.072125898883387, -0.855327136408355, -0.656415811338464, -0.609104786656826, 0.445095092644941, 0.511254915240558, 2.396224325178275
48.726010092701401, 51.857206881089652, 48.907705161509718, 0.613926935768071, 0.244179890854930, 0.217232863506979, 0.221382437358275, -0.547590463852442, 0.750778857777273, -0.369426299297329, 0.163112744249010, -0.337254870794416, -0.927174948318277, 0.820694167495678, 0.567970297498112, -0.062215951318621, 0.613926935768071, 2.053716508482194
52.822752843725340, 50.655473826891608, 50.533278560055265, 0.489225214851714, 0.193029456750333, 0.180652589911871, 0.170406924886317, 0.694157185481134, 0.624947529145769, -0.357192367862903, -0.719809697020771, 0.605720310466658, -0.339082446556941, -0.004449934805776, -0.492487046837552, -0.870308397510590, 0.489225214851714, 2.406139107703750
47.996861838288325, 48.877933922727628, 52.213533493930093, 0.723789218658454, 0.320910022458948, 0.249217795202399, 0.240603821359219, 0.679665216206540, 0.730545466931998, 0.066019047433506, 0.346754258344500, -0.240679291642541, -0.906551136392427, 0.646387405662327, -0.639043659947859, 0.416901094363605, 0.723789218658454, 1.763289216946413
52.991353942375277, 49.908346528384996, 50.040274265760857, 0.472311088406282, 0.189659734317871, 0.165432169573346, 0.170418933687855, 0.631128147306684, 0.729207828074557, 0.264448870581857, 0.611404762388096, -0.257860253717025, -0.748125862460420, 0.477348382427749, -0.633848588408761, 0.608584003047921, 0.472311088406282, 2.574407489934115
50.098426242841136, 48.481315914160511, 46.600848470607062, 1.539325232051835, 0.709733383420987, 0.457415683755798, 0.570181867120115, 0.982252983393158, 0.094958228477082, 0.161746751002095, 0.181410835096861, -0.700009749022047, -0.690707217410930, -0.047635968812432, -0.707791838126567, 0.704813115908548, 1.539325232051835, 1.646354552248083
50.179684049348829, 48.997000895964831, 49.720303943624259, 0.436010404927176, 0.147176235397093, 0.173613260690130, 0.164626027426522, 0.906175467910851, -0.421135075125564, 0.038616963313228, -0.348715961940109, -0.795752113900017, -0.495152250436004, -0.239255510374859, -0.435228470716979, 0.867947566983528, 0.436010404927176, 2.724783559637888
50.135402046296029, 49.636193916348134, 53.079119407262013, 0.967646282425579, 0.422105582416493, 0.352802041612961, 0.308763698122395, 0.314317784051002, 0.948031778473187, 0.049397141964216, 0.946995907316253, -0.309487120199273, -0.086118952368382, 0.066355724361465, -0.073847609546456, 0.995059520033219, 0.967646282425579, 1.656952281536276
51.586830855249744, 51.136455782069262, 50.323948708033846, 0.477818970730343, 0.190362149075324, 0.176258931515212, 0.165001143959488, 0.580994753407926, -0.803028676692175, 0.132627451617225, -0.355037267812639, -0.396681111336163, -0.846517946870144, -0.732388991572512, -0.444734797738070, 0.515574751810325, 0.477818970730343, 2.509431142021670
49.379165868328130, 50.992308575678301, 49.107576185758177, 0.465667034034030, 0.151760652562007, 0.175814156093798, 0.192062234992142, -0.390373714193491, -0.655046878382602, 0.646932724777458, 0.813865098838680, -0.574022925436901, -0.090118155580146, -0.430385831735995, -0.491336206882895, -0.757203253853842, 0.465667034034030, 2.518590937190557
51.207876593390104, 52.196857607372721, 47.662799953336062, 1.075515231265138, 0.458258754027185, 0.427606176369160, 0.322198473162728, 0.685702185772545, -0.727523198782312, -0.022858426461757, -0.572763229088201, -0.519926848260823, -0.633733663191427, -0.449171232194596, -0.447645024200114, 0.773213512865411, 1.075515231265138, 1.540435601271439
49.729268451002746, 49.913812451321860, 50.962917300209405, 0.417613418706760, 0.153963700934229, 0.147750896499460, 0.162481301848743, 0.949580358251196, 0.312877058874832, -0.020126829193025, 0.036236130829044, -0.173288604431713, -0.984204248312641, 0.311422680686669, -0.933851704289254, 0.175888909115910, 0.417613418706760, 2.802144286721703
52.880143223449785, 49.635680450390403, 49.451856381186509, 0.467820519480061, 0.189333518317158, 0.158930522108700, 0.172675812104417, -0.684002538609779, 0.664918624320719, -0.300039581066933, 0.685449685003662, 0.726567447125945, 0.047523405867712, -0.249598190105134, 0.173155906074062, 0.952742239899078, 0.467820519480061, 2.496776567521996
52.881671673371685, 49.276819243054078, 50.297222784961754, 0.473403603050670, 0.187358543875670, 0.165999454575236, 0.173118322628297, 0.925409674254403, -0.322570825507900, 0.198909520454681, -0.274728672162424, -0.209489642976214, 0.938423276660149, 0.261038486603471, 0.923072127201797, 0.282483196836412, 0.473403603050670, 2.468351645523155
50.621812240920853, 50.209585402977140, 50.404998844474562, 0.390896619553134, 0.161374858858811, 0.145704960598590, 0.128915178093376, 0.416365651394541, -0.902723249956194, -0.108306871099328, 0.037446802452610, 0.136049147213418, -0.989994124491947, -0.908425770949325, -0.408143802514541, -0.090450291011674, 0.390896619553134, 3.016234621106755
48.216050690838784, 49.541945204450151, 49.663140763131210, 0.430558020700076, 0.178630598783484, 0.157238841000529, 0.144214153754035, 0.301487788694239, -0.732969013416094, 0.609804508543595, 0.464101231734646, -0.445873491224381, -0.765380216967858, -0.832895647707828, -0.513763812656379, -0.205746409043119, 0.430558020700076, 2.645886515263182
56.871401211591618, 49.751479453013779, 52.106070890019410, 1.798468292624869, 0.502684113648681, 0.786377849842435, 0.746810552780650, -0.548683294396180, 0.820798840524411, -0.158858131187354, 0.037795812485333, 0.214173843898360, 0.976064055863330, -0.835175501921081, -0.529545869574661, 0.148536369308285, 1.798468292624869, 1.453759423155944
48.241039924366603, 50.489330902086614, 49.397711106583422, 0.442744928628417, 0.175971612418681, 0.153390098660246, 0.163173401813224, 0.399408140892507, 0.780434001262614, 0.481036284142908, 0.820767006705143, -0.070642666980217, -0.566878412277450, 0.408429501496979, -0.621234563812372, 0.668769735433491, 0.442744928628417, 2.632739131270234
54.981822679683546, 46.312093718013912, 48.135644970121611, 2.004905664748227, 1.088458352786708, 0.782025094685234, 0.480482799022119, 0.927531966892078, -0.337224021538528, 0.161134756308797, 0.289911339011507, 0.377085333334979, -0.879635189664558, -0.235872562850935, -0.862604550579830, -0.447523768545428, 2.004905664748227, 1.305979769906851
46.434726735250941, 48.487101770863362, 49.205302456572134, 0.672280876028067, 0.277137438757549, 0.248841187958021, 0.223595639092422, 0.938830356841764, 0.332231315975756, 0.090663740036371, -0.070912451647013, 0.444122955139765, -0.893155207631536, 0.336999978151001, -0.832092034214329, -0.440515449585238, 0.672280876028067, 1.830828784214574
41.016161419317143, 52.379635287895731, 51.159379031172413, 2.481226072418900, 1.448764809130270, 0.588775577570174, 0.908824141070544, 0.861928068222920, 0.501656458465439, -0.073626101957238, 0.332498231030571, -0.668867753090022, -0.664876571431004, 0.382785751525636, -0.548595230161746, 0.743315775342307, 2.481226072418900, 1.076303178742105
48.413390439331657, 50.745615567308313, 50.228617655458045, 0.435280887246545, 0.180477854056160, 0.148748137045336, 0.155905653067388, -0.122675957709854, 0.878725020223362, -0.461294860402133, 0.717317886729098, 0.399725642882103, 0.570678946344607, -0.685861253300164, 0.260886468134977, 0.679361900584354, 0.435280887246545, 2.791065270626913
49.259619326633747, 49.849670720121253, 48.579504508136637, 0.484876942160509, 0.198298890965968, 0.176474649741659, 0.165318137810932, 0.893257556420856, 0.447747875107439, -0.040159410277215, 0.442593827212926, -0.860279416932834, 0.253041555707194, -0.078750504824127, 0.243805588817146, 0.966621535478840, 0.484876942160509, 2.466332310146713
50.039719303002599, 50.446227075596838, 49.839511449773902, 0.394469111722108, 0.128232749086971, 0.161473455358159, 0.150441424410807, -0.289759268843030, -0.938915285617671, -0.185681589160156, -0.956998227556911, 0.281400946407882, 0.070483330041074, 0.013926901036613, -0.198120149894543, 0.980078796645086, 0.394469111722108, 3.038813820895251
48.231103874146910, 50.721640403119217, 48.821040157330032, 0.520860330754871, 0.180651511284487, 0.195588305305588, 0.202958799970343, 0.163108437069336, -0.983910559985729, -0.072908488568661, -0.692957148677719, -0.061646035595577, -0.718338469241202, -0.702286286248880, -0.167689523357654, 0.691862844719125, 0.520860330754871, 2.350957346147314
45.180680931650500, 52.456693181935599, 48.192959922822688, 1.364351671803439, 0.660157307371857, 0.527569849289749, 0.370066780374494, 0.869194263729891, 0.459458979651400, 0.182753325323364, 0.306806863702902, -0.211281500469639, -0.928024609557358, 0.387776843408476, -0.862703641801165, 0.324609836787436, 1.364351671803439, 1.461461356248893
47.228263952569996, 48.183250960207943, 51.858496152477557, 0.809533731464793, 0.339029463327813, 0.273066124954212, 0.290822565435707, 0.872898033749201, -0.483200122595056, 0.067577098198284, -0.486915275578156, -0.871542540821149, 0.057681140311761, -0.031024781794987, 0.083254075354538, 0.996045291064334, 0.809533731464793, 1.510122310778065
47.961220872367569, 50.299204096933828, 49.257315864023205, 0.460597779511226, 0.193860694945408, 0.162424191508629, 0.157490210318407, 0.806152766468837, 0.437454553733544, -0.398435980469166, -0.561733784320594, 0.777403265762733, -0.283018228978811, -0.185937819357722, -0.451970879370810, -0.872438795293556, 0.460597779511226, 2.585110764836211
53.987423848236659, 49.199693738482132, 49.936374896977412, 0.563070404313077, 0.233741400292291, 0.205995203765665, 0.188158513988369, 0.198866652731193, -0.968835181651377, -0.147683598365002, -0.747130896005314, -0.052354124198046, -0.662611854643239, -0.634229831106822, -0.242110380764641, 0.734258186784603, 0.563070404313077, 2.124757362205338
48.478895690703986, 49.110868520144969, 51.112076754168520, 0.493762737389293, 0.210178524334504, 0.163108911206886, 0.178203993033275, 0.771411203433432, 0.513903202722126, -0.375270906745148, -0.429923755481063, 0.855686769078775, 0.288037701866590, -0.469137847215979, 0.060857632680448, -0.881025555165166, 0.493762737389293, 2.387484648824573
54.683838796867420, 49.131466555777244, 48.762534777304012, 0.689397952039491, 0.283613014930794, 0.255247190079474, 0.229694905245982, 0.900537408188775, -0.419876067752149, -0.112855944378829, -0.434757086221819, -0.872206113388566, -0.224148994527138, 0.004318846206802, -0.250919476120540, 0.967998328547543, 0.689397952039491, 1.605605965495606
50.552543794110640, 50.031968640847595, 49.550326334959017, 0.396708401163060, 0.133864760133571, 0.156104291717679, 0.151621785952934, 0.853844933508016, 0.473689474364041, -0.215794141253671, 0.363836636869518, -0.246639013582667, 0.898216064569348, -0.372252241355468, 0.845451050537929, 0.382937057426077, 0.396708401163060, 2.895899903114211
49.971028290401271, 48.944175448876365, 47.634798352680065, 0.714732939280901, 0.317842407051160, 0.216652700474048, 0.269081578628008, 0.976028170362219, -0.182923227959145, 0.117932622002510, -0.080221863313894, 0.201344350848283, 0.976229944750687, 0.202320199945105, 0.962288701510358, -0.181843316180943, 0.714732939280901, 1.761588999027834
51.791637513210276, 52.370530925069559, 48.927036888985647, 0.831761793701531, 0.388256919186531, 0.285733574654065, 0.263235795870403, 0.954846202685678, 0.243815737754164, -0.169772245199661, -0.215062483592793, 0.961471746496717, 0.171231448161407, -0.204980138958974, 0.126988057359526, -0.970493264232377, 0.831761793701531, 1.655445907704346
51.005316860587996, 51.467323239147660, 46.791984891958535, 1.131624432776984, 0.510841222843575, 0.477585276895808, 0.301438419119803, 0.897418129103874, 0.441136911261756, -0.006239156845264, 0.365446462718116, -0.751212829838829, -0.549661866216272, 0.247163072570557, -0.490996445820106, 0.835363936107793, 1.131624432776984, 1.512196013031257
52.453932821764418, 51.884049123359688, 49.632928170695145, 0.612210783973085, 0.273668987994228, 0.211542614842026, 0.201144422025545, -0.423599584876180, -0.755801108690726, 0.499327623704714, 0.087112064434086, 0.514682732902870, 0.852943827389392, 0.901651196374052, -0.404804111334731, 0.152179997120973, 0.612210783973085, 2.013857933100831
49.702975066147765, 49.597343766717110, 48.617261789058368, 0.484435924644551, 0.212696646819551, 0.158852174352052, 0.170759054254178, -0.736835830224461, 0.611422429115283, 0.288505758126584, 0.179539701173280, -0.234450831726918, 0.955404785002234, -0.651796329385214, -0.755774715558362, -0.062977173028320, 0.484435924644551, 2.442018032094990
50.569107836239986, 50.089011652577121, 52.240708332593989, 0.653993976302558, 0.213063342289137, 0.271997809112429, 0.244948974371695, 0.544047127755154, -0.677192674818957, 0.495401659214939, -0.428828174303047, 0.283076173758893, 0.857889431555105, 0.721192845018088, 0.679174470236899, 0.136392519124566, 0.653993976302558, 1.980354978880811
51.538152570417196, 49.641664498934936, 50.090281660595913, 0.419623793558974, 0.137093455971779, 0.155862748591986, 0.175488953322429, 0.836801224776752, -0.464214822874947, 0.290290041915512, 0.283703257935621, 0.821113487282094, 0.495262660050355, 0.468269336652362, 0.332080169878630, -0.818808029469996, 0.419623793558974, 2.892567650249520
43.628329945863321, 50.368576871718680, 50.604847749997347, 0.858759649100663, 0.371162841741798, 0.278666146649609, 0.310738244725708, 0.978436392302645, -0.189887692961440, -0.081270476063367, -0.056478755884932, -0.624437594914066, 0.779030063727728, 0.198676562159392, 0.757641309670823, 0.621697088242181, 0.858759649100663, 1.392465937072363
48.706710987467730, 50.891715204197972, 50.753783189803798, 0.466549567073919, 0.142262568783569, 0.199122211443951, 0.181933025229265, -0.761502514150786, 0.593892403112054, -0.259626143652410, 0.640520971050261, 0.750841456781867, -0.161152078554743, -0.099231076719255, 0.289013702622338, 0.952168195808736, 0.466549567073919, 2.552182291327836
53.599208529245111, 49.529399528449417, 50.600331156381372, 0.512742666606823, 0.209863581098996, 0.181850897979013, 0.179256274328582, 0.620718522601614, 0.750853788540092, 0.225670343497459, 0.615415574203425, -0.288270319064732, -0.733596547275263, 0.485769684858102, -0.594238009034519, 0.641021841976973, 0.512742666606823, 2.294015160480783
50.123246678431641, 50.013404896485405, 50.781045074362780, 0.404857050605743, 0.129483188142310, 0.170573979880302, 0.152478101562365, -0.586750858522018, -0.703585476693241, -0.400862703440991, -0.624402498578780, 0.708312536275695, -0.329264135191291, -0.515601541689172, -0.057103659611600, 0.854923518372674, 0.404857050605743, 2.837877530583993
56.594889016011479, 48.680413928558835, 48.696203732814148, 1.096195844684650, 0.346102505050194, 0.454866281984869, 0.424623952814568, -0.214983385513430, -0.917610006607423, 0.334326217528791, -0.530365183221576, 0.397147786423807, 0.748990259058830, 0.820057873798873, 0.016294524006386, 0.572048574954852, 1.096195844684650, 1.097975514346365
48.998627118939311, 51.019987976162966, 49.973508609482749, 0.438680128734618, 0.187924018277849, 0.157729335443013, 0.144536537003700, 0.717345502710989, 0.696589769973440, -0.013346239495390, 0.679808311872274, -0.704001828419649, -0.205528792851902, 0.152565031542906, -0.138362270688726, 0.978560061110289, 0.438680128734618, 2.722880269336606
47.632693459230047, 49.789507401695822, 50.001643060219550, 0.433542567567541, 0.180714231320902, 0.142203211814483, 0.160924436718752, -0.776192956788965, 0.456232082279284, -0.435174425868884, -0.004104855364428, 0.686538942660952, 0.727081446863017, -0.630482072698060, -0.566141826143494, 0.531013925144406, 0.433542567567541, 2.870570631100510
52.126578726101421, 45.897986037696711, 50.556460538325567, 1.625983707797166, 0.884890781821516, 0.360054552444601, 0.684729618105498, 0.952076280885415, 0.163439792025484, -0.258530829415108, 0.207124234425922, -0.966469861764932, 0.151774694246268, 0.225056230504451, 0.198049086548611, 0.954005373375008, 1.625983707797166, 1.456851464938206
51.933356100233127, 50.873296146945705, 47.481373003400876, 0.800979147749514, 0.281603614470962, 0.298258564349347, 0.310499570877685, 0.083022893798707, 0.995301860399518, -0.049813710869071, 0.994561382171727, -0.079599428136918, 0.067168356634198, -0.062887647419440, 0.055119304472520, 0.996497368825685, 0.800979147749514, 1.692927174986191
54.490732980562484, 50.946121877536989, 51.557072903620117, 0.710548116291425, 0.283977799097892, 0.255641273665856, 0.250780427146202, 0.878799990736128, -0.411285627490424, 0.241980802755072, -0.370408042517397, -0.268237238407449, 0.889295601006761, 0.300846237005901, 0.871144601401716, 0.388070386821818, 0.710548116291425, 1.541715455049493
52.190550593388842, 50.503527465145794, 47.555414536760452, 0.727369372406087, 0.333034314652708, 0.236571851067096, 0.247880007376228, 0.989506750370316, -0.144224689327991, 0.008696548730438, -0.118767726757026, -0.777620632062393, 0.617414269086691, 0.082283765425172, 0.611968456359582, 0.786590103146694, 0.727369372406087, 1.645920869835115
50.524040278694507, 51.402838585822423, 47.824788077917802, 0.745714314480041, 0.239871645124701, 0.287641791611840, 0.305010691186175, 0.816210734415629, -0.470759665438329, -0.334940852123314, -0.568935774045555, -0.755807880322492, -0.324139681393079, 0.100559047508839, -0.455126120365349, 0.884730519720723, 0.745714314480041, 1.686689517627844
49.557087756455488, 47.782771998357497, 51.489548303930832, 0.867502637120768, 0.355965880004310, 0.327166018604726, 0.284488275105310, 0.985390473382898, 0.164067175907102, 0.045690007179881, 0.112844562450068, -0.428032970832189, -0.896690515510242, 0.127560651031900, -0.888746160425146, 0.440293700429474, 0.867502637120768, 1.865571740329840
49.335276805387998, 48.882557257144953, 50.558347845609610, 0.469421493511757, 0.136649865078043, 0.204364696441313, 0.187975977932586, 0.422385346965212, -0.695857882140284, 0.580837693794329, 0.690029068781151, -0.168665641659368, -0.703854946392118, -0.587750374654151, -0.698092908706908, -0.408920270843882, 0.469421493511757, 2.559077855145739
54.888500129696986, 49.605173088599372, 48.977110371581681, 0.652276233700640, 0.267981733250405, 0.212922664092864, 0.246828954425336, 0.989045032296973, 0.065008626283892, 0.132528497302887, 0.098703902497511, 0.376327189599476, -0.921214082610509, 0.109760938955722, -0.924203291963863, -0.365787932281421, 0.652276233700640, 1.689532600615613
54.855377972695926, 49.284458416537078, 50.751622795446977, 0.656154602928689, 0.274542549548424, 0.240984539758952, 0.216694664081855, 0.964107140637816, 0.233430795156327, 0.126520690971316, 0.231590317045165, -0.972372821684020, 0.029274915903860, -0.129858948178763, -0.001076811470338, 0.991531892606064, 0.656154602928689, 1.846091718927874
47.200051279319233, 50.095649494326480, 49.954628287747717, 0.455659750517896, 0.198569800772699, 0.165081337587885, 0.146466851847360, 0.834471305641146, -0.541524281992183, -0.102024958095616, -0.549880120779848, -0.830366248459341, -0.090131826735618, 0.035909508945429, -0.131313919416069, 0.990690245099288, 0.455659750517896, 2.580135581857995
48.510175370811446, 49.842016998723658, 51.758783125823818, 0.540127039680782, 0.179612560841125, 0.197148654833039, 0.225832143670600, 0.957129325068956, 0.285584150149140, -0.048426731013335, -0.061168576451360, 0.362689176929216, 0.929900514137573, -0.283128699265826, 0.887072857279492, -0.364609223045770, 0.540127039680782, 2.218111500613925
49.783283723984994, 48.580796991796930, 50.409462798298094, 0.469324567222399, 0.201886545587740, 0.183570692845365, 0.141559057679306, 0.680442826472822, 0.732744887227922, 0.009082408437031, 0.088375467808369, -0.094358408298042, 0.991607920235166, -0.727452635290662, 0.673929833903204, 0.128962174236754, 0.469324567222399, 2.570432943420049
51.900601707381199, 49.702406093799020, 49.198754245274692, 0.435172787314026, 0.151585231389181, 0.170174106407803, 0.162129984647930, 0.702829696017763, -0.695647137187516, -0.148679113927919, -0.004885437876988, -0.213722726458581, 0.976882146777113, 0.711341374371214, 0.685855419689838, 0.153609219742007, 0.435172787314026, 2.831467152882866
55.777417212378580, 51.631853535233816, 52.568661947739521, 1.651453719496780, 0.808905661590167, 0.661368894813710, 0.427253967108066, 0.791416140013570, 0.610575278807830, 0.029297136972103, 0.334141096420260, -0.472246007632151, 0.815679738597546, -0.511869339782222, 0.635752732738314, 0.577761405605010, 1.651453719496780, 1.409176029913452
52.376124495268925, 50.307248111757367, 50.189654800168611, 0.438699090979824, 0.179683416437998, 0.160629821979705, 0.148454904867253, 0.240811403838152, 0.969177984178224, -0.051999065046713, 0.791097203307350, -0.227038237627183, -0.567995469677737, 0.562294480411099, -0.095643471493755, 0.821387389518390, 0.438699090979824, 2.706948655729180
43.058680660483397, 47.969401179373186, 48.891113279326348, 1.637042500658616, 0.813017585586576, 0.429896281676458, 0.637007811051192, 0.886796738342974, -0.424856237221016, 0.181903058134447, -0.278581215866206, -0.805449355299904, -0.523109780269377, -0.368760153800231, -0.413217271833318, 0.832626828313777, 1.637042500658616, 1.426686408346248
52.393739589700239, 50.834899814747494, 48.832800800727199, 0.548870653367966, 0.239515060402554, 0.192512428554497, 0.181989761314862, -0.608133150388849, -0.591007224258519, 0.529985407603243, 0.429726593939418, -0.806435992313833, -0.406197051641233, -0.667464700084851, 0.019273068646309, -0.744391982066972, 0.548870653367966, 2.234085785378818
54.887827309876585, 48.871242532074668, 50.183018714349309, 0.706472181371190, 0.231103997447137, 0.288913875139634, 0.268001892719948, 0.375308227858444, -0.877189819932187, 0.299469120126084, -0.292305578916397, 0.194591487084111, 0.936318109238919, 0.879602855063638, 0.438944384816266, 0.183375691960971, 0.706472181371190, 1.719867414976659
46.251984455415375, 50.927361973195069, 49.065870274951841, 0.638983153319100, 0.258860432985250, 0.223592774989609, 0.228756428505417, 0.958312039282628, 0.281239117366084, -0.050424143315644, 0.258653051443619, -0.778921464251008, 0.571296728073924, -0.121394540012618, 0.560522891051037, 0.819193172739441, 0.638983153319100, 1.956610292178791
51.757552417453809, 50.883897117124697, 51.495570817479091, 0.548690092946273, 0.232714879756138, 0.197309456900806, 0.182573534854820, 0.752503753821640, -0.618889006574760, -0.225198796678064, -0.652413871119888, -0.653802579490833, -0.383273176496211, -0.089968001282143, -0.435337322764819, 0.895760667898103, 0.548690092946273, 2.158734850886871
55.707854595109495, 49.752459983649814, 48.979168624760227, 0.755136176724976, 0.320030909070680, 0.283697130244371, 0.240689688272584, 0.655082424499680, 0.755285603736898, -0.020265090658827, 0.722256251887283, -0.618109355893379, 0.310301032493940, -0.221839860533120, 0.217909341114284, 0.950422324724006, 0.755136176724976, 1.524613966355827
46.934260026719215, 48.899615541505177, 48.485938747622839, 0.653259155307395, 0.212278003735131, 0.269972485259333, 0.246865577945852, -0.185271475721236, -0.923542566775336, -0.335773149072554, -0.941167010589024, 0.265036135834682, -0.209667605701832, -0.282628976686742, -0.277173184229362, 0.918311432729203, 0.653259155307395, 1.867167332882264
46.931434877587357, 50.790440898044992, 48.485604156285611, 0.594949868363734, 0.255457822805603, 0.191357075064221, 0.218628064390654, -0.623599218415402, -0.771035311085023, -0.128951788865923, -0.697622580012817, 0.474434753636092, 0.536874659858818, 0.352770110196372, -0.424754297920907, 0.833748784556689, 0.594949868363734, 2.040481543478287
49.988711548564929, 49.974569775628936, 47.623254215739088, 0.697465244495391, 0.306650057921823, 0.220833767032485, 0.254265656020136, 0.986625426225071, -0.161380293191988, -0.022949276578270, -0.066922555395632, -0.272655378851686, -0.959781441768157, -0.148632566772953, -0.948480598300520, 0.279808710983007, 0.697465244495391, 1.939280664260284
48.783582628577989, 49.758380967178297, 50.571095799295300, 0.424783213573139, 0.188193967405130, 0.142492924931259, 0.145054618519337, 0.998651238536479, 0.047502953873877, 0.020956458260221, 0.006858988354567, 0.279386700085264, -0.960154167878377, 0.051465114867335, -0.959002889040864, -0.278684051863341, 0.424783213573139, 2.875099806554201
50.975596144061193, 50.127989351927305, 46.586908704455276, 1.049743535925410, 0.320225034421507, 0.425165654685699, 0.431186041844141, 0.074151088387153, 0.993948757715211, -0.081040009423676, 0.116826187971137, -0.089362149484605, -0.989123879018004, 0.990380360212748, -0.063877016804794, 0.122745545047414, 1.049743535925410, 1.335822655595534
49.122217378525725, 49.254308483614039, 52.233833594638817, 0.662387855521309, 0.318159667697450, 0.196826758388966, 0.235524636210074, 0.986127323967343, 0.125195593074709, 0.108990661983854, 0.163324210396174, -0.614603561439909, -0.771743263374451, 0.029632806540606, -0.778837932910341, 0.626524836727543, 0.662387855521309, 1.926435359888844
49.464629555308214, 49.553252988935782, 50.511955608296937, 0.421657644693459, 0.137692218039707, 0.173438341170491, 0.159314003211006, -0.304318818918382, -0.800730768905402, -0.515965398239344, -0.901440226107012, 0.067006056070263, 0.427686458993091, 0.307888900755225, -0.595265003320432, 0.742202129216608, 0.421657644693459, 2.871310143701121
47.764930349576936, 47.989523291645924, 51.332209751635020, 0.724469774057489, 0.311687145500549, 0.241922845101892, 0.255913715070004, -0.533420051123102, 0.838387711621633, 0.112111971089924, 0.386651349580335, 0.359568405205955, -0.849241600397291, 0.752305644620278, 0.409654252973758, 0.515964737257286, 0.724469774057489, 1.630717593725994
47.902354162739080, 49.582196225901349, 50.057901349297985, 0.429701820277228, 0.131241696895418, 0.168408934361118, 0.182176828637951, 0.253552843307439, -0.801647379733699, 0.541361648269257, 0.352599474504464, -0.444552199488827, -0.823436064615111, -0.900768875033928, -0.399668388161660, -0.169942970653015, 0.429701820277228, 2.849257922476772
48.375921234706340, 51.386404677383737, 50.120449655770500, 0.497253048246184, 0.150485137101212, 0.194267674937636, 0.213435538255077, 0.669597661164298, 0.734554079869352, 0.109860256283120, 0.566360639486005, -0.600673500378440, 0.564293338596262, -0.480494118803036, 0.315628974732046, 0.818232089388635, 0.497253048246184, 2.459185333389569
52.509907961473246, 48.322901395922685, 50.182599019643568, 0.575137252955624, 0.199813891383590, 0.225976681012406, 0.213822653511666, 0.527408833005430, 0.822701764119693, -0.212136112395307, 0.263787908119280, 0.078782714359441, 0.961358010029673, -0.807623589550172, 0.562987647495487, 0.175468077921862, 0.575137252955624, 2.076329034364489
50.960095796278196, 48.805707604214319, 52.736350376873986, 0.864674780107898, 0.380926502814974, 0.315708639708761, 0.272809344372975, 0.898777246597905, -0.424508756488203, -0.109506970840801, -0.436487160027807, -0.889821076983256, -0.133031613112142, 0.040968526074880, -0.167364173648958, 0.985043559062265, 0.864674780107898, 1.524454142169166
50.255757723711163, 47.985595736944042, 50.130846693023223, 0.564320130061028, 0.240149724087924, 0.197763221356767, 0.192033735318687, 0.124197884071273, 0.931917451493432, 0.340741469730652, 0.612855604754294, -0.342116054110787, 0.712295313224026, -0.780373560106612, -0.120359748760337, 0.613620923343461, 0.564320130061028, 2.164443051873061
44.527761343758897, 48.782772261732703, 49.238376764970440, 0.818966909296739, 0.254669911204895, 0.345467632555006, 0.316841881887537, -0.260048700939029, 0.795787928469046, -0.546896924513997, 0.558796948797746, 0.585932288163125, 0.586881013240548, -0.787477392154373, 0.152986687626307, 0.597054796693635, 0.818966909296739, 1.452827842484413
47.370404445680641, 49.639980349602503, 51.470042247959810, 0.549919061061014, 0.246027418836267, 0.195290341309985, 0.175655020499850, 0.862261072043654, -0.443975751505496, -0.243703458558262, -0.028026443177564, 0.438620609203581, -0.898235202864313, -0.505688008678220, -0.781343390102591, -0.365762415540535, 0.549919061061014, 2.210479330806611
49.726901996426584, 50.521134001228234, 47.592931379989722, 0.736448400701958, 0.327466924215231, 0.266273553292412, 0.232466307735154, 0.943361882899319, 0.306810667077931, -0.126236177302095, 0.324692492782228, -0.931954407829369, 0.161356025168795, 0.068140612145136, 0.193205062807901, 0.978789385251945, 0.736448400701958, 1.926614065442605
49.840584981675555, 48.736430014969677, 47.434219233915137, 0.836821797248209, 0.236234987410711, 0.377817153886668, 0.333197384044942, 0.125623068453238, -0.975970101772061, 0.178048322428003, -0.014459055519149, -0.181252182070626, -0.983330352530690, -0.991972671189024, -0.120954565609032, 0.036881061162109, 0.836821797248209, 1.623812439507302
47.649502208040573, 50.018404682911523, 50.141503003472685, 0.426390196853311, 0.185426173231545, 0.160890429226989, 0.131870881706942, 0.500989111517647, 0.854071550326071, -0.139898881569439, 0.651416175684396, -0.478554493918864, -0.588763587874433, 0.569795468740735, -0.203831752368666, 0.796106613795442, 0.426390196853311, 2.924940785605393
48.263172945824401, 49.781330176055803, 49.225078249610100, 0.438609651244766, 0.171757126166420, 0.155980853467548, 0.159836888277133, 0.989447061730929, -0.143901484309697, 0.016937380124962, -0.024617888726096, -0.051761541115878, 0.998355999839726, 0.142788205348694, 0.988237373142088, 0.054757855496026, 0.438609651244766, 2.819608713301562
48.391002436403255, 48.709643066156637, 50.206715038295570, 0.483740937108193, 0.203642625516914, 0.162482076728934, 0.173617259966649, -0.462598660510697, -0.695856740531605, 0.549350412715273, 0.875489900471863, -0.456199663557335, 0.159371581977282, -0.139713683887714, -0.554675818498432, -0.820252901797743, 0.483740937108193, 2.535493656704728
50.414214933336822, 53.792215563938647, 51.585343370147427, 1.849671035595830, 0.951121328604166, 0.431190663346591, 0.783081097142083, 0.996497887371024, -0.053132112777043, 0.064567321896859, -0.003837502587077, -0.800416221277402, -0.599432353389354, -0.083529839213177, -0.597085296509512, 0.797816968140669, 1.849671035595830, 1.803956396832990
49.503622207292935, 51.380404390349909, 51.570393650233676, 0.581342924833755, 0.198280322039574, 0.231100167203422, 0.217593451290362, -0.529202698201816, -0.776733829364380, 0.341509974286059, -0.421329869440660, -0.108804322968086, -0.900357018310277, -0.736495516166280, 0.620359716313369, 0.269681621625505, 0.581342924833755, 2.166062681341459
47.776833399787613, 51.500967177145768, 50.078976373563798, 0.550150741515047, 0.175962876313136, 0.223010802657887, 0.215340975854386, -0.559613435171583, 0.709307332910423, 0.428620940523166, 0.746919295054852, 0.655753957564591, -0.109992335247240, 0.359088247997932, -0.258592062171058, 0.896764057894771, 0.550150741515047, 2.183701262945392
50.718871742268490, 47.995619099051325, 48.712589268085239, 0.649694492205249, 0.190405439976017, 0.256153718585446, 0.285348806251582, 0.195926948733045, 0.967970865013977, -0.156987372881552, 0.683473543863490, -0.249595128485051, -0.685978269827268, 0.703190262730394, -0.027104913219256, 0.710484889410419, 0.649694492205249, 1.968091682570986
50.487089112146101, 50.002730882424387, 49.986455866014118, 0.386295325210543, 0.153860175127953, 0.128279279286958, 0.148219091145769, 0.999433306470009, 0.011446981336955, 0.031654897515185, 0.025130113846695, 0.371925088491820, -0.927922521511578, 0.022395162345419, -0.928192165000666, -0.371426657006332, 0.386295325210543, 3.077620653610780
48.452730364143939, 50.198329910838538, 51.663425693515983, 0.528968759269798, 0.205426779353398, 0.198512287246889, 0.184193432774249, 0.625625693406189, 0.769150605965767, -0.130383423380878, 0.766591570398773, -0.575132604050853, 0.285586855354421, -0.144671545037602, 0.278621307692318, 0.949442105110288, 0.528968759269798, 2.277638527436696
