xis_x,xis_y,xis_z,local_bandwidth_mbe_breiman,eigen_value_1_sambe_breiman,eigen_value_2_sambe_breiman,eigen_value_3_sambe_breiman,eigen_vector_1_x_sambe_breiman,eigen_vector_2_x_sambe_breiman,eigen_vector_3_x_sambe_breiman,eigen_vector_1_y_sambe_breiman,eigen_vector_2_y_sambe_breiman,eigen_vector_3_y_sambe_breiman,eigen_vector_1_z_sambe_breiman,eigen_vector_2_z_sambe_breiman,eigen_vector_3_z_sambe_breiman,local_bandwidth_sambe_breiman,scaling_factor_sambe_breiman
51.960855786321083, 51.608897054084807, 49.309337625754154, 0.591025041381963, 0.168415118213449, 0.150353248705924, 0.152809356610608, 0.934844323773902, -0.290132117860339, 0.204669109768890, 0.283747412506143, 0.956985471524855, 0.060549262476276, 0.213432650275877, -0.001470195982215, -0.976956673716900, 0.591025041381963, 1.878646436280935
49.915453314984035, 50.797215440047793, 50.061901250363753, 0.432284271273987, 0.125449347744828, 0.108581438554500, 0.111150263069502, 0.874040455162613, -0.364828771253850, -0.320863289275257, -0.225564309510221, 0.280218816257052, -0.933058496178387, -0.430318515769783, -0.887906178985653, -0.162630231829105, 0.432284271273987, 2.375208077311713
49.460225492562948, 48.007104815051953, 50.981277900770714, 0.673559477082697, 0.165206954843493, 0.182476156659928, 0.189985122733164, -0.328510747149934, -0.723344462347644, -0.607333086368584, 0.465469283654599, 0.435523494341853, -0.770491811669882, -0.821838813260281, 0.535809737376301, -0.193620480196887, 0.673559477082697, 1.925577314250105
48.694539344835086, 53.441867622968282, 50.625640767624638, 0.837590817681069, 0.250259083148137, 0.205577110989419, 0.214070738358760, 0.943575298461803, -0.296065935331820, 0.148359758926787, -0.329075390496324, -0.788115948377329, 0.520175585050853, 0.037081579017241, 0.539646378519674, 0.841074754494622, 0.837590817681069, 1.290801532114778
52.848262420777282, 50.162951221306962, 48.859603751660345, 0.685430073063673, 0.155891599931013, 0.195165441112245, 0.198376409373778, 0.622883076856740, 0.738052178470598, 0.259414059796854, 0.154725765496757, -0.441271026174409, 0.883934284294046, -0.766861532518696, 0.510449667757546, 0.389055942801660, 0.685430073063673, 1.848957593802393
46.686849981714651, 50.097090152471417, 49.311759081946136, 0.583772151548960, 0.170670493798103, 0.160273808226136, 0.136312383221607, 0.801180716606823, 0.584139663602705, 0.129962735980346, 0.501948033472269, -0.537735442707227, -0.677413289912285, 0.325818401921530, -0.607965004800920, 0.724031022751593, 0.583772151548960, 1.800917061361804
52.730536724277776, 50.590409624905440, 50.731760622386467, 0.534537707402392, 0.158609901728693, 0.127961916599682, 0.141042565666303, 0.798474159688495, -0.469440475303380, 0.376914654075280, 0.070929974988980, -0.548357236626611, -0.833230628150027, -0.597836060268879, -0.692047672625349, 0.404551682552455, 0.534537707402392, 1.844196174954476
48.600742709792172, 48.242187450163385, 49.618405763032385, 0.558468696947382, 0.161695244607626, 0.142383141491823, 0.141796946613019, 0.180517863044085, 0.923601604269167, 0.338191332995715, 0.974067174759573, -0.215558364728717, 0.068758493667218, -0.136405425764155, -0.317008939916373, 0.938562140635982, 0.558468696947382, 1.962948742292770
49.948938758415679, 50.705680894889106, 52.102523887725773, 1.096870481430938, 0.363405138492227, 0.231236172700824, 0.294337368386407, 0.961607282943658, -0.195026605474060, 0.193070081957256, -0.143285889405044, 0.243214708742086, 0.959330891480571, 0.234052531041904, 0.950163790411300, -0.205932474622413, 1.096870481430938, 1.708394713420219
51.197139036920390, 44.839623417116151, 51.820181498035701, 2.008367012255794, 0.837611543649390, 0.592251566096164, 0.306059988957002, 0.865989057564178, -0.485478321821326, 0.119890580199845, -0.396964857807156, -0.813200246102834, -0.425586961036678, -0.304108292957050, -0.320961304178307, 0.896940347723810, 2.008367012255794, 1.154291585151597
46.080419444794053, 53.086128934957905, 49.890035965432190, 0.868185140861533, 0.260721587040457, 0.202512283729456, 0.232292332666303, 0.900273510305107, -0.430288461691929, 0.066026103759903, -0.281586305618130, -0.459929809620249, 0.842124529218223, 0.331989094898090, 0.776734452665436, 0.535225962478720, 0.868185140861533, 1.227841382353720
46.448358079420046, 45.050722788261659, 50.564243895537317, 1.716917999179939, 0.619456106187053, 0.480883801204747, 0.318437471097403, 0.910645036143897, -0.380765500335508, -0.160447037681381, -0.403883674178222, -0.738335366298523, -0.540128563033956, -0.087198600211128, -0.556667333896176, 0.826146405605050, 1.716917999179939, 0.951044704294864
51.066445378231307, 51.515992209284377, 50.054836439617880, 0.508005096088553, 0.110924373239042, 0.152764826706359, 0.145004020327712, -0.338478063132101, 0.888334141207339, 0.310314444304097, -0.142884096315695, 0.277434201706341, -0.950060207957166, 0.930062759064349, 0.365913537996321, -0.033023429752627, 0.508005096088553, 2.102593266795337
50.426185415561704, 52.829029206477692, 51.600258165141526, 0.997851115238378, 0.293648728992850, 0.323960208049230, 0.195750841795279, 0.988744592519869, -0.147819046206022, -0.023101089616287, -0.132872197802270, -0.938548906168743, 0.318545020021738, 0.068768523423964, 0.311890173471683, 0.947626197336213, 0.997851115238378, 1.331828906839018
52.314217846030537, 51.916001552427232, 49.154300507537108, 0.627228877560085, 0.152998400378434, 0.176447908934672, 0.171317181461370, 0.309568182251547, 0.863308970812225, -0.398578927506974, -0.209172519205989, -0.347075004888222, -0.914213212653843, 0.927585250931952, -0.366383080800652, -0.073137133909729, 0.627228877560085, 1.593468957314772
52.685780818669791, 52.559096482552199, 48.760237360881909, 1.000123373267036, 0.231859313725353, 0.296023724094851, 0.273171796578878, 0.211248767099514, -0.974907138524426, 0.070214169887926, -0.193021247718780, 0.028811518087387, 0.980771479170650, 0.958184093130344, 0.220739592460473, 0.182091394613705, 1.000123373267036, 1.456033307051527
47.333839227939109, 51.743474176586361, 51.314319025882966, 0.738711461497742, 0.234436837823697, 0.195089198401478, 0.165192994144613, 0.853315101951633, 0.521393072445249, -0.001612695686758, 0.514381768455652, -0.841326681141986, 0.166074717759953, -0.085233403438507, 0.142543605976259, 0.986111853358215, 0.738711461497742, 1.466141964766765
54.554783511067114, 49.284094200384381, 49.586963975064883, 0.739740047248993, 0.240072622166986, 0.190832794452740, 0.165602900083446, 0.956423297327165, -0.241526568621569, -0.164071304559094, -0.181512297525036, -0.931965209845240, 0.313837750255287, 0.228708902706071, 0.270380776476450, 0.935193281378228, 0.739740047248993, 1.578926280460424
49.866213720632430, 50.363065616065299, 48.342068949684567, 0.655072435769039, 0.207998786930703, 0.171204162387568, 0.147951389086844, 0.778055676829359, 0.456540447417923, -0.431509192978610, -0.577183088404669, 0.790677903103359, -0.204176727380288, -0.247969849403626, -0.407920670493074, -0.878698856475428, 0.655072435769039, 1.559851171928268
48.874558650016148, 47.717791731428463, 50.170616349693013, 0.622999822498312, 0.181173966518949, 0.151266304862885, 0.165368188836669, -0.889788246580745, 0.288569653901527, 0.353559657050851, 0.230505361401988, -0.384465993656741, 0.893897744759698, -0.393883427693653, -0.876877103457883, -0.275576470003538, 0.622999822498312, 1.832824553899979
54.268950489548317, 50.737200201171461, 49.449637803651825, 0.636470404914503, 0.208150110579757, 0.154582819588972, 0.150183756927440, 0.949413313938320, 0.285263898455809, 0.131296868029867, 0.309371531369517, -0.777910727433103, -0.546940724139811, 0.053885201073564, -0.559892318559823, 0.826811330790143, 0.636470404914503, 1.575741660220650
56.396460231711330, 51.742921885487661, 49.967340257874035, 1.018330269185771, 0.227986510140557, 0.281483093113408, 0.308411586656371, 0.769451065325009, 0.619806709560467, -0.154222893417406, 0.219731000680799, -0.030155181194155, 0.975094329994264, -0.599719388889524, 0.784174921704957, 0.159393684815306, 1.018330269185771, 0.943884259841284
48.843530718873176, 47.018647178682500, 49.174385104616228, 0.786582380133318, 0.245020116316254, 0.181135697868329, 0.205519503812518, -0.168890570159829, -0.933329669986441, 0.316814934045241, -0.943250705250380, 0.246296370760418, 0.222746952380738, 0.285926708014044, 0.261216050183080, 0.921961003931838, 0.786582380133318, 1.449617580378956
49.686969525515920, 48.161121183026033, 48.904092765294301, 0.687000202889894, 0.212530969508718, 0.170924546236608, 0.167290056869809, 0.821660931687960, 0.474165018531628, 0.316292346632942, 0.514882229698854, -0.855490971979120, -0.055058935719442, -0.244478225774832, -0.208093085092036, 0.947062651073765, 0.687000202889894, 1.947042758185506
52.318084511307148, 46.907417112826082, 50.417092709510982, 0.755596732971173, 0.161631065983900, 0.222126768495638, 0.225201184522355, 0.078097497555662, 0.825918407587965, 0.558354336316022, -0.144548697167033, 0.563527582484793, -0.813352529919320, 0.986410895632675, 0.017188594654779, -0.163395523778764, 0.755596732971173, 1.284422530969985
55.548773740038911, 49.601390938165103, 49.535612691909819, 0.736042841827433, 0.166819305932704, 0.203939524406845, 0.219678603994739, 0.756752649509050, -0.644627397580725, -0.108540065180262, 0.013703859021101, 0.181646707095025, -0.983268365223586, -0.653557672825408, -0.742603522810010, -0.146295509846340, 0.736042841827433, 1.180001738625232
47.303173530603395, 50.138820944704790, 48.997646372278290, 0.639417416000803, 0.140522430804474, 0.182142225214481, 0.191435855477239, 0.211854676807294, -0.690581069245153, -0.691531187087826, -0.317871313934464, -0.717809334096146, 0.619441351269049, 0.924162011604272, -0.088586379792090, 0.371587176343422, 0.639417416000803, 1.876507669619284
50.154724828309668, 51.614183689909623, 49.210548799401415, 0.585588413993840, 0.165558074382742, 0.147366942509683, 0.154259947358583, 0.764732185912124, 0.596828729903365, 0.242858294056432, 0.583185754357796, -0.480821435165783, -0.654755773857127, 0.274005583417917, -0.642344311601693, 0.715761640218833, 0.585588413993840, 1.912167617368792
52.267220866683630, 48.996561097074277, 49.302334522397558, 0.578651803864199, 0.132205852645751, 0.172381814970055, 0.159344102846319, 0.634235684077059, 0.743656363542037, -0.211471771181732, 0.524108130208503, -0.614632723740587, -0.589522928100828, 0.568379947651790, -0.263062402997202, 0.779578352211429, 0.578651803864199, 2.008744226341396
48.394189506401467, 50.047284420739196, 51.074089267075777, 0.587370139399638, 0.194210318796756, 0.129308267811196, 0.151238788291283, -0.415003926745561, -0.774363282860643, -0.477632962580111, -0.843945306482535, 0.131520320125735, 0.520056463338476, 0.339894190082539, -0.618921571405709, 0.708101707381660, 0.587370139399638, 1.994383173179683
50.682178325363388, 48.107636146333697, 49.893189525063271, 0.559607091903946, 0.129488947472926, 0.168204421500102, 0.150801517689786, 0.386260140964989, -0.843801368825675, -0.372561878712281, -0.700985982957003, -0.006009163359446, -0.713149732982860, -0.599517935677917, -0.536621971152540, 0.593814032233031, 0.559607091903946, 1.892105015928539
50.179684049348829, 49.604450043731156, 49.290772532012696, 0.479933204239005, 0.141413708017179, 0.116016474581207, 0.126286640578087, 0.549330570845061, -0.804198975472110, -0.226935964061776, 0.088329368457895, -0.214175549393888, 0.972793275423744, 0.830923490222095, 0.554430195688723, 0.046618789191662, 0.479933204239005, 2.176781999664758
50.813510553911932, 48.508246207793590, 49.397729814801821, 0.531024302509616, 0.124097537369158, 0.151883099125722, 0.148900710428075, -0.057619569205560, 0.996466367963296, 0.061112705410597, 0.049848780328394, 0.064009699060656, -0.996703495291321, 0.997093317771380, 0.054383232197075, 0.053360844366087, 0.531024302509616, 2.061930126210968
48.435260966019882, 47.795049804899818, 50.894025944714798, 0.703247444281539, 0.158541126712808, 0.197911793336400, 0.207748102164018, 0.139850041732421, 0.990020107537997, -0.017382534277038, 0.128348916706555, -0.000718006890528, 0.991728813762290, -0.981818986070087, 0.140924345435973, 0.127168421613814, 0.703247444281539, 1.554671207967261
48.405182275965636, 50.680921319464083, 51.207762499711102, 0.582674712439804, 0.168829876078496, 0.153143592155385, 0.143402450227821, 0.713366901294012, 0.565576367034600, -0.413800721592075, -0.698526765935725, 0.526440935931704, -0.484685772688583, 0.056285179306420, -0.634809667559730, -0.770615769734275, 0.582674712439804, 1.818062123532769
44.963934911514031, 50.400096046352793, 50.090472689700093, 0.755280183671300, 0.185407975658128, 0.217369178296567, 0.200366026979348, -0.836149283892882, -0.547918398032478, -0.025294350020192, -0.253800291270010, 0.345605972679717, 0.903405735978782, 0.486250745188817, -0.761801772605991, 0.428040035578088, 0.755280183671300, 1.503131935328839
46.707510035689268, 53.186959118495935, 49.262853912894315, 1.194660614722889, 0.246951880660381, 0.340383448389047, 0.380171064481596, 0.272995321407881, -0.961969770882751, 0.009365596467655, -0.517767046976301, -0.138716976349716, 0.844200737702730, 0.810796423003240, 0.235312048948157, 0.535945333093751, 1.194660614722889, 1.594288389419526
50.262594412765011, 51.747204807953743, 50.564981071902672, 0.517046208882455, 0.163702214611724, 0.116900840746140, 0.135376124421410, 0.850781888193533, 0.494410589210325, -0.178124529468982, 0.250043222447589, -0.678965534329450, -0.690278342482762, 0.462221338354118, -0.542737480251201, 0.701275596253502, 0.517046208882455, 2.009496981124623
49.132984367137304, 46.280112784857685, 48.933526434559091, 1.041073450149173, 0.334791656744460, 0.269823825406163, 0.234107530265414, 0.942937028657572, -0.331541582772929, -0.030821078482935, -0.001944534307305, 0.087079180824118, -0.996199495609855, -0.332965431798494, -0.939413324985026, -0.081465490042230, 1.041073450149173, 1.189277932149450
54.945512030804537, 47.115098527412215, 49.575806716436006, 0.972698830057146, 0.317391228155285, 0.218781019486669, 0.248402985245509, 0.732407284684982, 0.588184919044302, -0.342954910081806, 0.440836601955790, -0.025786103257972, 0.897216900896791, -0.518885979494960, 0.808315271343810, 0.278179370902909, 0.972698830057146, 1.016465366880661
52.880143223449785, 49.224807860145695, 49.742387175952224, 0.535004243327747, 0.116452648792907, 0.150548243256073, 0.163709095195704, 0.416716594123826, -0.899844885046461, 0.128943642873776, -0.006963695927093, 0.138682351750637, 0.990312431635566, 0.909009783842217, 0.413577547950362, -0.051524991125594, 0.535004243327747, 2.000951655044438
52.612885346514858, 48.365912556205707, 51.206203364845990, 0.742951639312703, 0.155470872886182, 0.234315958762823, 0.210987595302780, 0.153932252601207, -0.986713401829807, 0.051976189342515, 0.066305939128671, -0.042169133588273, -0.996907862647637, -0.985854139335725, -0.156902602979890, -0.058933769035687, 0.742951639312703, 1.489442321564324
50.394721903724204, 47.383957980274658, 49.674491003560881, 0.600593283349952, 0.144343161951833, 0.174977228106840, 0.160764390325935, 0.970773992091223, 0.219823273810030, -0.096309836313383, 0.186105477628710, -0.942897976972937, -0.276239309688054, 0.151534179233134, -0.250242149350951, 0.956251148607078, 0.600593283349952, 1.668196312597403
56.070415849309924, 50.940631081533617, 50.334319010679756, 0.909904923420901, 0.276950671201127, 0.206582063977171, 0.246785252024112, 0.947291275565754, 0.226574743764004, 0.226501930952659, 0.182446660287990, 0.199631363811917, -0.962735963144803, 0.263348543544038, -0.953315899411559, -0.147771243962972, 0.909904923420901, 1.119104854170094
47.733611820903100, 47.764312059283192, 50.486949916605340, 0.678254700676563, 0.199400773129351, 0.181108540330160, 0.161934304622478, 0.624937375270199, -0.771771792732043, 0.117565202902738, -0.515145911529816, -0.294522897609930, 0.804910524603552, 0.586581594345159, 0.563581904186622, 0.581633450249273, 0.678254700676563, 1.635358623582545
51.039483326020282, 51.440875250445671, 49.279284720486672, 0.593753767484561, 0.131632823320772, 0.165154144334537, 0.180464446664441, 0.477953750086870, 0.802891682275041, 0.356265574131788, 0.498984403154262, 0.085617679728469, -0.862371253188961, 0.722893338042814, -0.589944539301338, 0.359709135777574, 0.593753767484561, 1.938756045140984
47.531515027117152, 47.226303577323584, 51.392314816042443, 0.951264975991596, 0.300833615205420, 0.245968636644796, 0.218034197752878, 0.953418609550389, 0.286791204236870, -0.093508075241501, 0.228945250667790, -0.889815351847720, -0.394731189308346, 0.196410354003211, -0.354935831930907, 0.914025999658570, 0.951264975991596, 1.226981721059665
51.705376756772829, 49.380567508924379, 50.447085370518892, 0.505213670661195, 0.154253321092741, 0.118246038268144, 0.132504415499276, 0.972934652925774, -0.201008513633063, 0.113990081073890, -0.198420412325887, -0.473873690718468, 0.857947006065808, 0.118437752041443, 0.857344331463086, 0.500932326965913, 0.505213670661195, 2.180315880859398
48.559273874785333, 49.026120259112517, 50.950356708226657, 0.547910594566660, 0.133321714055691, 0.147936772723154, 0.156306938743368, 0.726308939519188, -0.501473346681102, 0.470106165608332, 0.603116235439786, 0.793016854694247, -0.085878255220900, 0.329736456770334, -0.345902805335979, -0.878421947777516, 0.547910594566660, 1.958669165482525
46.671567339091567, 48.980953990122735, 50.619752262134668, 0.612742900566792, 0.141844066668328, 0.165173433484661, 0.184038923998363, 0.947868640578397, -0.318523277154283, 0.009378812235972, -0.034008672555116, -0.071852277504473, 0.996835322612747, 0.316841364722318, 0.945187903079761, 0.078939074434549, 0.612742900566792, 1.702117237186519
51.309915423887880, 50.358709081265033, 50.648109213524691, 0.513766246811830, 0.117145765244203, 0.157231582397120, 0.137992829314940, 0.334457371271946, 0.796258307062301, 0.504094212658842, 0.122558914679509, -0.567106156616433, 0.814475241833856, -0.934407608720327, 0.210626008750145, 0.287261388292168, 0.513766246811830, 2.116039890933314
50.337672592719365, 48.779893220403252, 50.062831515357729, 0.475052390111366, 0.111562535797640, 0.137473173927759, 0.131012995799103, -0.726445678175395, 0.663743108206440, -0.178106044166797, 0.576700496770814, 0.447833814647963, -0.683272574806094, 0.373755553382939, 0.599074253132538, 0.708107919422672, 0.475052390111366, 2.188080148763083
52.332812413708737, 49.933475276964955, 50.312697882856050, 0.482626077672585, 0.145441998755673, 0.127122607964853, 0.113958288138615, -0.646334605552929, -0.556528164764304, -0.522042124247475, 0.671061236741274, -0.088908552488596, -0.736051686933502, -0.363219484895857, 0.826057910269285, -0.430929152731084, 0.482626077672585, 2.172073308816206
54.102244947380477, 46.919057588926641, 50.142982281809182, 1.097927951759303, 0.414785706032904, 0.267805181871012, 0.223308348309987, 0.979693763548915, 0.173137699859917, 0.101111159377096, 0.190462198633926, -0.961205360464407, -0.199520439820138, -0.062644078370538, -0.214726784313713, 0.974663084118506, 1.097927951759303, 1.257086625078830
46.981889426238823, 48.470923480598486, 48.559187004030854, 0.966290818344746, 0.306595174324715, 0.254718492238531, 0.216532933840439, 0.749547434329801, 0.591731858742926, 0.296701956579756, 0.489160228568340, -0.797121978207686, 0.354003986764607, -0.445983087657572, 0.120207983124704, 0.886932424887324, 0.966290818344746, 1.634068674751357
47.961220872367569, 48.949686022342270, 50.211569245900705, 0.518352207773006, 0.123538526526943, 0.147702232365510, 0.143057810323040, 0.739232775479226, 0.556011076511811, 0.379982350186765, 0.139401928676238, 0.425677389255477, -0.894072627115933, 0.658864178673135, -0.713898062101879, -0.237165661486979, 0.518352207773006, 2.125975307628005
51.007534164215940, 50.593946267498367, 50.285942097769443, 0.457186363532999, 0.138078870172977, 0.121308243959415, 0.106927264327251, 0.682850185292804, 0.571517928940052, 0.455063601429137, 0.653833576470693, -0.755974814377939, -0.031681766140538, -0.325909924250745, -0.319169761923516, 0.889895153570666, 0.457186363532999, 2.262415876314757
45.084729122774625, 46.693768243948440, 50.200594719250049, 1.128578667180711, 0.355506880294291, 0.302108664985874, 0.250847923467054, 0.643253719667673, -0.745529626794821, 0.174385285230369, -0.723949350690455, -0.518088540945530, 0.455501483395828, 0.249242832933207, 0.419249137521005, 0.872988070319018, 1.128578667180711, 0.997367882767108
48.263245580170377, 46.850143694971699, 50.678733253816930, 0.840783848387609, 0.258877702895197, 0.224120996611748, 0.192000376878145, 0.801944798899001, -0.566119101747706, -0.190771334731428, -0.597373430713150, -0.762829010842202, -0.247460874676197, 0.005433580480832, -0.312411688087814, 0.949931267697448, 0.840783848387609, 1.363980532143616
50.425419917460360, 53.412407713110575, 50.331019420132442, 0.808067148338469, 0.238729946898010, 0.190540597089003, 0.217407299594394, 0.910191636437402, -0.413022224501637, 0.031045563726961, -0.364115221993661, -0.762179854071841, 0.535258792697080, 0.197411474012816, 0.498492238770824, 0.844117407599997, 0.808067148338469, 1.309170873937600
49.411298105169372, 50.161149456356902, 51.320765642029905, 0.629673994207960, 0.163625033089812, 0.149429842364232, 0.191375517257235, 0.971401289689417, 0.236600240796666, -0.019996510813098, 0.135974924178688, -0.485268656237637, 0.863727475114644, -0.194654448663108, 0.841745007308198, 0.503562298318076, 0.629673994207960, 1.889411463481884
49.191830664646282, 51.536190819497172, 49.722379009349737, 0.505942720916997, 0.148383074201528, 0.126578742228458, 0.129236476056723, -0.272839570553697, 0.944366910681787, 0.183656491171458, 0.472206076473810, -0.034867618032807, 0.880798314345531, -0.838200447435626, -0.327040344945477, 0.436422527714438, 0.505942720916997, 2.147686536485398
51.369090090442356, 49.016033031859848, 49.899491104689972, 0.515844085180417, 0.148545566184299, 0.138796258466499, 0.124779748192504, 0.807508866793459, 0.581802683896058, 0.097134273360579, 0.553671026725046, -0.690835596904857, -0.464967280799782, 0.203415398176190, -0.429245634876411, 0.879983159341342, 0.515844085180417, 2.223146373459897
47.503441897549813, 50.320759280760313, 48.465230669893756, 0.829680355234774, 0.255802396534676, 0.201459773913667, 0.207713948889349, 0.706782501947749, 0.706717498236385, -0.031762755343096, 0.704405346571772, -0.698901933827392, 0.123891866615343, -0.065357498893255, 0.109938458142897, 0.991787241680181, 0.829680355234774, 1.676336468011280
52.731937016689912, 49.944431496262510, 49.890029693864541, 0.500432920781813, 0.150547267827569, 0.129121653267101, 0.120834750883178, 0.944079388813710, 0.325320322722449, -0.053673040168163, -0.012019023384287, 0.196631325483187, 0.980403827468872, -0.329499090581476, 0.924933948702547, -0.189545614149982, 0.500432920781813, 2.141542616306520
43.628329945863321, 50.855383891217095, 50.260623205380803, 0.972012617976619, 0.302941608870934, 0.259768224112816, 0.218724255492441, 0.952527487098383, 0.304408242854170, -0.005196922596631, 0.303184892335949, -0.949979163471147, -0.074956721045531, 0.027754411924552, -0.069822708720696, 0.997173245712914, 0.972012617976619, 1.087028451225121
53.921551535243772, 49.129994250197079, 49.199537080415993, 0.669691142663372, 0.162238159468377, 0.174105300549882, 0.199289699744377, 0.537845681240192, -0.840460590130985, 0.065939514768842, -0.336268829086476, -0.285600446433745, -0.897416101695114, -0.773075221279329, -0.460497971150277, 0.436229665211335, 0.669691142663372, 1.664762812750306
47.632693459230047, 50.002323638046278, 49.851159256349540, 0.461429626293651, 0.106541268702866, 0.138102132302197, 0.125148131265408, 0.357310111209910, -0.893223869463435, 0.272911347231899, -0.547108063289452, 0.036650820445645, 0.836259220842632, 0.756969121900509, 0.448115873833353, 0.475594272576682, 0.461429626293651, 2.171045111353023
46.574295742388458, 47.560009206257057, 48.573456219058016, 1.051378011711794, 0.212465077281361, 0.311723081775390, 0.328886725744435, 0.099970727453816, -0.912343790582291, -0.397032317876381, -0.234366249374673, 0.366212034372336, -0.900533845579900, -0.966994475065087, -0.183077998860626, 0.177212108860499, 1.051378011711794, 1.217860503076858
51.933356100233127, 46.438123542850505, 50.617513627489387, 0.860374314793680, 0.264672201651622, 0.221889384746640, 0.203256126986312, 0.919170577535346, 0.289729969462130, 0.266799539333958, 0.365198522144860, -0.880633860989477, -0.301851026670406, -0.147497419694547, -0.374887379987964, 0.915261691271524, 0.860374314793680, 1.176739870111533
54.665342096177206, 51.141528732872487, 49.733885024123182, 0.652142543522720, 0.192821488615516, 0.156424954735331, 0.172342473394825, 0.907409679747776, 0.416012986816423, 0.059505192211421, 0.374361325127353, -0.735850332649213, -0.564249843765095, 0.190948347332287, -0.534282212636843, 0.823456887706301, 0.652142543522720, 1.411479993675257
46.010324415997815, 49.338349670727936, 48.885667968015319, 0.780803333555257, 0.250224520795433, 0.215333908089853, 0.165580381797715, 0.845408059464930, 0.502264434084569, 0.181702094774521, 0.513833875182121, -0.857657246758236, -0.019969872268180, -0.145807961741001, -0.110247382448706, 0.983150829199744, 0.780803333555257, 1.550704853361646
47.165389407835967, 51.062357157924467, 51.435733769020437, 0.722230595505529, 0.152852974556675, 0.212702088992771, 0.217174179227770, 0.252370367907736, 0.936757436682903, 0.242476188978198, 0.165557267935617, -0.288694227886671, 0.942998639351412, -0.953362464352257, 0.197841218162940, 0.227944870440192, 0.722230595505529, 1.533331449307976
45.854764971515046, 49.790718588545516, 50.835556762396514, 0.681731331214517, 0.157030104143710, 0.201452880772394, 0.187719570820966, -0.649909633821577, 0.681632854913334, 0.336145978658976, 0.738285011851281, 0.461224596299979, 0.492145418594621, -0.180423693404322, -0.568021586623800, 0.802993628858738, 0.681731331214517, 1.612639595892777
48.996135182137635, 48.362959782768577, 49.720812345360670, 0.505410319701991, 0.152953900099269, 0.135158024506984, 0.117045876167837, 0.668186978639164, 0.595532064411811, 0.445945873211617, 0.534717585923602, -0.801168917656500, 0.268710752827549, -0.517303841935376, -0.058906074716614, 0.853772106290889, 0.505410319701991, 2.055861355878312
53.239793651427604, 52.036474237813721, 48.981694052077032, 0.785943664661936, 0.231166028075100, 0.203737590928550, 0.193199174702945, 0.226908348849676, -0.735982963275491, 0.637841421507369, 0.961798764985996, 0.272329704475258, -0.027922530899454, 0.153152658787649, -0.619810946844799, -0.769661388714302, 0.785943664661936, 1.399270958050799
51.717840059122373, 48.397097242545840, 49.525768293105337, 0.522304446860026, 0.151943791318786, 0.138700055258261, 0.126717842257299, 0.413057885111887, -0.904082800254345, -0.109624239250076, -0.522318807731505, -0.136572088090662, -0.841742910777688, -0.746033676610402, -0.404947348477328, 0.528631628191453, 0.522304446860026, 1.933254506286669
53.295744944693439, 49.763501361660317, 50.757002611950703, 0.603163652296785, 0.187659600474104, 0.160982611526309, 0.136138801489179, 0.967603309443365, -0.252240619071295, 0.010886029798648, -0.220855766814794, -0.824742346939482, 0.520598493495135, 0.122337916521806, 0.506137067655872, 0.853732219683560, 0.603163652296785, 1.822333238570045
48.728635254351573, 48.889470405102884, 50.527707127965030, 0.516194556229559, 0.125104972557018, 0.139135922669847, 0.148099164353090, 0.534835986991759, 0.844590740890989, 0.024838426273834, 0.096929483477783, -0.090529488357999, 0.991165519461996, -0.839377830450198, 0.527703413044532, 0.130284172522491, 0.516194556229559, 2.112592572885788
50.010749617863752, 50.607452488779643, 51.380206707865860, 0.661658004092425, 0.211450082376961, 0.178374584349375, 0.143941515419365, 0.394004343638673, -0.906851254184359, 0.149604077411393, -0.715903393344592, -0.200722087493742, 0.668724887371372, 0.576405160101433, 0.370582577000606, 0.728303264466137, 0.661658004092425, 1.946111314542279
49.849752075606396, 48.429854434686604, 50.604932218741361, 0.511642893458550, 0.116346392674546, 0.150976056508358, 0.142911122631467, -0.362193171223825, 0.927403820346658, -0.093478664545727, 0.504087069712886, 0.279245675521087, 0.817262551969101, -0.784035925750284, -0.248885529328635, 0.568633151006604, 0.511642893458550, 1.970974497983141
49.783283723984994, 50.579067842640406, 48.996471929019265, 0.522391854388413, 0.129491514698963, 0.141719168476785, 0.145594669389730, 0.542203920120599, -0.827868793497268, 0.143694710268793, -0.251591575435602, -0.323126784161659, -0.912299709814257, -0.801696069702033, -0.458500100447887, 0.383485423078362, 0.522391854388413, 1.967059784668793
46.710194758721840, 50.030694115836425, 48.863009006197089, 0.644977301007567, 0.195789561556279, 0.181591065950846, 0.141441050007377, 0.938582041518553, -0.343264067892535, 0.035121660449582, -0.293984653991210, -0.848800488898614, -0.439443686111363, -0.180656509864813, -0.402128722847974, 0.897583263939409, 0.644977301007567, 1.638468391069686
48.041715651953858, 47.284605333928326, 50.158089254841371, 0.754868858571431, 0.185177763296658, 0.214980272773580, 0.202513171975964, -0.628833092732919, -0.733145016401853, -0.258973601761027, -0.245102742005896, 0.502994454485056, -0.828807109415980, -0.737898087370569, 0.457706197994311, 0.495995412249396, 0.754868858571431, 1.619434089250785
48.794708773620499, 49.227167290793240, 49.373084848776728, 0.498635618848019, 0.149467856358914, 0.119239703050396, 0.130378924505529, -0.765890181883311, 0.597075942981060, -0.238563508542330, 0.638862073721585, 0.664793728122792, -0.387175089344286, 0.072577407331107, 0.448942777380233, 0.890608164449000, 0.498635618848019, 2.018801294159508
47.077497694871028, 46.985427346502988, 50.532889484664196, 0.976070639237364, 0.300792446802487, 0.220419557270194, 0.262877179867181, 0.973256609682410, -0.109837661929973, -0.201760401791973, -0.220992986793234, -0.207876941650761, -0.952863724211459, -0.062718988334529, -0.971968551524010, 0.226590960434458, 0.976070639237364, 1.446309569043180
50.306534980831913, 50.939901083818782, 51.236737329228987, 0.624938907169553, 0.146204426919564, 0.179912057119520, 0.173907411348046, -0.486168894026621, 0.801233621201056, 0.348804373163491, 0.495954113975856, 0.581626982022782, -0.644778698945223, 0.719492406708616, 0.140480383114919, 0.680144057276493, 0.624938907169553, 1.955020783880859
50.653710161365005, 48.772139015484747, 50.441114024540624, 0.483514593492725, 0.147009640955925, 0.126126382607894, 0.114262361231335, 0.860438454560202, -0.493900850838990, 0.125330026149253, -0.464980962859855, -0.660447886873752, 0.589577215385667, 0.208418737382157, 0.565570984284481, 0.797929252279618, 0.483514593492725, 2.117920449259341
53.962383158383744, 47.595314715619104, 49.517315093296538, 0.886332272580350, 0.196289762782544, 0.265668719655562, 0.250252144310560, -0.241913748707794, -0.946906237238356, 0.211769488041218, -0.646669192735151, -0.005374720288806, -0.762751642114971, -0.723392489146390, 0.321464912954609, 0.611034873297486, 0.886332272580350, 1.258346129188804
49.149806676631243, 51.519742653487640, 50.002219676769840, 0.491496083312616, 0.122239821975468, 0.131925092212378, 0.137989569793702, 0.886569651056103, -0.426172689728846, 0.179919683068701, -0.446045624546994, -0.684443942737398, 0.576697312350742, 0.122627707508307, 0.591534722378466, 0.796899691035132, 0.491496083312616, 2.164142274329034
52.217913599399076, 51.152377157166093, 48.255754752452113, 0.846601027335105, 0.188095671252405, 0.224677237040219, 0.269106810997665, 0.394324001370050, -0.918946689350695, 0.006750116659000, -0.478741828232179, -0.199149274671464, 0.855070656904294, 0.784420068486537, 0.340406446074729, 0.518467556966055, 0.846601027335105, 1.391683153632198
50.593559928701460, 51.120752538746721, 50.812672142071534, 0.501419226602655, 0.154132465043159, 0.115473277330066, 0.132755805983215, 0.951449706572341, 0.285437092107631, -0.115191676403050, 0.248283327981114, -0.490499568832629, 0.835323627118034, -0.181930879484567, 0.823368592687470, 0.537554941997399, 0.501419226602655, 2.004271602598227
50.733831083988413, 48.548399269647390, 50.082894746873663, 0.530607347258383, 0.154989964364042, 0.129658703915133, 0.139328741823331, 0.927538113970706, -0.285066398530284, -0.241682013316338, -0.336405443471853, -0.918539509224969, -0.207645244576556, 0.162801795856712, -0.273902023398378, 0.947878292210611, 0.530607347258383, 2.107491233520355
51.949488904039939, 50.809233150090485, 49.809262714635537, 0.513556659442567, 0.118976908444829, 0.155622043857887, 0.137106325852755, 0.659836707599723, 0.709516436909362, 0.247390268724137, 0.488715771556028, -0.655315430501989, 0.575950155116212, -0.570764762346410, 0.259129528038462, 0.779153048997570, 0.513556659442567, 2.129072950188543
43.527930879516617, 51.209943615803809, 51.694574936597704, 1.353859409152421, 0.246382250893888, 0.450439701769397, 0.419083742744592, 0.300458059653619, 0.917704074843586, 0.259892642074878, -0.106701569341842, -0.238431729932573, 0.965279796360283, -0.947807854730678, 0.317757047407038, -0.026281730041817, 1.353859409152421, 0.922406931097505
47.659160394829811, 52.706265466355781, 49.760955811506832, 0.742168016078961, 0.227105622551266, 0.178084419059496, 0.189443227783212, 0.706131746880536, 0.586809138103908, 0.396273884434985, 0.394623745360716, 0.138536785561038, -0.908338955811044, 0.587920109917091, -0.797786058090867, 0.133743597495028, 0.742168016078961, 1.520897893498266
47.841278432246149, 47.709695741147058, 49.528270241121852, 0.692582046444887, 0.220127531346644, 0.162508471306785, 0.174056205543935, -0.655093815561571, 0.745552966874450, 0.122486188599726, 0.752734330020559, 0.657997898561764, 0.020731471168330, 0.065139244864239, -0.105780617662252, 0.992253667015401, 0.692582046444887, 1.832103821355470
45.780621034689105, 49.674617041775790, 50.632759196008855, 0.642110236791295, 0.151353417456650, 0.186753730585312, 0.175547017520697, -0.669600141219900, 0.668175930738325, 0.324309383860940, 0.667456304071854, 0.349816094209724, 0.657366551009857, -0.325787865079458, -0.656635078117082, 0.680215143284198, 0.642110236791295, 1.641697482269025
50.622002138137070, 51.412949781351031, 50.093585536053951, 0.481021966868935, 0.155457885221931, 0.118926826357748, 0.112830973733751, 0.765160132297369, -0.599199588252633, -0.235562784370852, -0.643394629889221, -0.725222009757708, -0.245145644041871, 0.023944146933735, -0.339135503893160, 0.940432766244748, 0.481021966868935, 2.171886516031848
52.786225774420828, 52.012071829057277, 51.463218233611826, 0.845423190799446, 0.167020135755900, 0.267402362103019, 0.253579762382795, -0.118748672092476, -0.867549195302729, -0.482967024346240, -0.214266220850234, 0.497337957453866, -0.840681237258318, -0.969530164295486, -0.003653738524467, 0.244944709508008, 0.845423190799446, 1.474106294576644
48.098034022049838, 49.267708672030345, 50.002528955827074, 0.490192979130801, 0.145331444967583, 0.123625294914707, 0.122874148070625, 0.896533898026702, -0.423061622954039, 0.131323390424335, -0.335712652790058, -0.842316850617004, -0.421662587768129, -0.289005163354757, -0.333947879691049, 0.897192749192804, 0.490192979130801, 2.177888942925996
50.066637993549449, 51.011480823142868, 50.130273947968469, 0.447394598682790, 0.128157358486471, 0.116019372335104, 0.112881908315919, -0.377828139536765, -0.761317093561441, 0.526917621669030, -0.078434238692361, 0.593374589006472, 0.801095916430829, 0.922547541959186, -0.261348197186360, 0.283906943649681, 0.447394598682790, 2.372629177769122
48.861337638062423, 50.371119769687041, 51.810735005402933, 0.730551337950442, 0.227399866056805, 0.198967959221325, 0.161512099734619, 0.982063106716632, -0.188284157370505, -0.010056366608027, -0.153526835823815, -0.829458347402767, 0.537055267738616, 0.109460335775127, 0.525878242568704, 0.843487112459253, 0.730551337950442, 1.441066072293115
48.013425669408555, 47.063742392526926, 49.683073176670845, 0.725603097637891, 0.193477717911148, 0.199201098831205, 0.185780826285164, 0.985525977412593, 0.143466680111873, -0.090309797600429, 0.169426424969697, -0.815441226696542, 0.553489198020727, -0.005764925579807, 0.560778849013867, 0.827945558676259, 0.725603097637891, 1.466151184602090
47.640594754786321, 47.810336731896804, 48.808075048242351, 0.818080685697964, 0.181426075823728, 0.252440504057298, 0.224055631599295, -0.412208173876211, -0.903595414850741, -0.116617955951722, -0.103426091054271, 0.173579521694392, -0.979373878218926, -0.905200234798287, 0.391644578551860, 0.165006239312526, 0.818080685697964, 1.556731018925235
51.666636809211631, 50.818043218625952, 50.285018665826094, 0.507905041611152, 0.145457093452535, 0.130677100221876, 0.129193114862811, 0.778242962044109, 0.490711385573254, -0.391842095872288, -0.321201065773823, -0.225120430044929, -0.919864483128981, 0.539599636188323, -0.841738158838699, 0.017581370261331, 0.507905041611152, 2.063697384929239
52.997449550592094, 48.201953811596674, 52.010118694374036, 1.222113249112647, 0.214821229369026, 0.370287981291103, 0.430074541763281, 0.152636924981669, -0.973912584161821, 0.167917383088783, -0.256154835836065, 0.125114812392828, 0.958504555960850, 0.954508600909358, 0.189316037701913, 0.230375277881349, 1.222113249112647, 1.391477165447850
52.290624399457762, 47.935783053389024, 50.179249487939558, 0.638888650383070, 0.184487379756873, 0.160510178898940, 0.165056438427816, 0.233409208081314, 0.765386308554508, 0.599753232805091, 0.597878779129582, -0.599386063709199, 0.532238022033105, -0.766851424364181, -0.234350475375016, 0.597510458186408, 0.638888650383070, 1.827349853818909
50.610619101213835, 46.120434652727994, 49.993543983504033, 1.000299666887246, 0.227692676446523, 0.297175648331728, 0.277238974292547, 0.199610894061649, -0.804437663566363, 0.559495787658674, 0.818297256273812, 0.450946151156059, 0.356422739359158, 0.539022347724711, -0.386688006270465, -0.748282897345592, 1.000299666887246, 1.297993536523955
47.370404445680641, 52.078953684326194, 49.745427663843522, 0.602642012000879, 0.145195965105721, 0.164921707333873, 0.171305787241697, 0.381056504130905, -0.660550916055524, -0.646891357151834, 0.350723627535922, -0.544108034123690, 0.762193797068762, 0.855446595497099, 0.517318987183210, -0.024334908098457, 0.602642012000879, 1.626874515853667
50.045440356886523, 52.124846250887977, 51.185734859855003, 0.691463059685429, 0.206242154420292, 0.161056232299710, 0.186542662336465, 0.990045677067281, 0.099978088706225, -0.099065327431147, 0.063490961641686, 0.310926069154123, 0.948311065690040, -0.125612320694287, 0.945161024005442, -0.301483305658506, 0.691463059685429, 1.640886529253781
45.223368115053205, 50.063634327377287, 49.272746579056346, 0.881568155826563, 0.200111043850322, 0.240097418231954, 0.267260838534379, 0.344214440865836, 0.818449215778638, -0.460062278274096, 0.201416420888183, -0.542968122582897, -0.815240481855139, 0.917032084551033, -0.187953449157330, 0.351746580443718, 0.881568155826563, 1.637379627015820
50.706393576156259, 50.209028161129886, 50.365145455906500, 0.430930310167580, 0.109161225918237, 0.114176267834170, 0.120338077943703, 0.572961891245844, -0.819581934793417, -0.000351198325942, -0.289266086687537, -0.202624049442612, 0.935557922140557, 0.766837533166226, 0.535937446674289, 0.353173117578023, 0.430930310167580, 2.491492416978953
