xis_x,xis_y,xis_z,local_bandwidth_mbe_breiman,eigen_value_1_sambe_breiman,eigen_value_2_sambe_breiman,eigen_value_3_sambe_breiman,eigen_vector_1_x_sambe_breiman,eigen_vector_2_x_sambe_breiman,eigen_vector_3_x_sambe_breiman,eigen_vector_1_y_sambe_breiman,eigen_vector_2_y_sambe_breiman,eigen_vector_3_y_sambe_breiman,eigen_vector_1_z_sambe_breiman,eigen_vector_2_z_sambe_breiman,eigen_vector_3_z_sambe_breiman,local_bandwidth_sambe_breiman,scaling_factor_sambe_breiman
28.481786398402917, 8.837814191916198, 12.220913249566523, 0.991719187820811, 3.568334284951859, 5.916397617758706, 7.288422067107702, -0.465948209954253, -0.704281259157933, 0.535611961815029, 0.459226508498708, -0.709915383741568, -0.533976742769897, -0.756308984167525, 0.002838296316377, -0.654208425917541, 0.991719187820811, 11.059374116942612
25.900176835051180, 9.877251407044689, 9.820004930985428, 0.991770504635558, 5.801177540336742, 4.741101247570023, 5.595365106265708, 0.999892418473651, -0.013759598383403, 0.005081823613663, -0.012478208058717, -0.615823045813654, 0.787785675528844, 0.007710110411421, 0.787764336395804, 0.615928489761857, 0.991770504635558, 65.447733273901704
25.307237190880720, 9.117412077226520, 11.027993678149631, 0.995089183986608, 5.769894818742949, 5.062425073622658, 5.321692358739027, -0.467669633209805, 0.843731748439606, 0.263442310285293, 0.650096253973248, 0.530268551760043, -0.544233519350156, 0.598882271188049, 0.083258631320442, 0.796497348123200, 0.995089183986608, 46.868703270783151
28.539509247975214, 10.054416354346856, 8.270457991951417, 0.992710108339249, 3.702631739476817, 6.798117175105580, 6.131382630193960, 0.379886169956298, 0.916078036852856, 0.128403770473271, 0.195177307240882, -0.215062974772739, 0.956897975554394, -0.904208115764360, 0.338450804811745, 0.260497094241278, 0.992710108339249, 12.783096500867449
23.625632299948332, 11.747371903657065, 11.822791947443358, 0.992603932554807, 6.773234976449207, 5.133289621934168, 4.437376882664570, 0.999231633973859, 0.034170386945206, 0.019197039405787, 0.010523696022421, 0.237901189633034, -0.971232349025307, 0.037754383691965, -0.970688110892063, -0.237358795676162, 0.992603932554807, 26.467084353961866
20.038407063552146, 10.185931306481793, 9.586260396625450, 0.989440538422321, 4.936884188989132, 5.752608236242709, 5.380735126369522, 0.788281654990985, 0.589001783831967, 0.178013850717957, 0.185557575056218, -0.503389826975611, 0.843899916125556, -0.586668917485774, 0.632199004064562, 0.506106708625607, 0.989440538422321, 21.869571426551175
25.953278072967425, 10.840261838883880, 10.423793455067685, 0.990378437807904, 6.070731423010611, 5.389183536438031, 4.684139148741213, 0.816053773089898, 0.521023579713069, -0.250181271898437, -0.081062343509597, -0.325403820114873, -0.942094077212769, 0.572263170132827, -0.789079706517425, 0.223311622787308, 0.990378437807904, 50.372433782120432
27.887242371298584, 9.111121420091633, 9.508121365180335, 0.989047506778354, 4.783286326404577, 5.564271730829658, 5.734651108930465, 0.230682908822633, -0.972278456902206, 0.038209917835467, -0.742123947187754, -0.201202500816113, -0.639350921384970, -0.629315058287656, -0.119130835257739, 0.767965104352533, 0.989047506778354, 19.876401208690503
23.463993258097240, 11.126478779776869, 10.954286855360513, 0.994642971109076, 6.074088641640565, 4.906045219587700, 5.209298381359793, 0.736400656541859, 0.601267423803941, 0.310147639225080, 0.400032406605990, -0.756679570947749, 0.517117105282111, -0.545608052277218, 0.256736269316396, 0.797745787395809, 0.994642971109076, 54.675010245629117
22.805367862069275, 8.306496634840730, 9.717061786184185, 0.989959552566730, 4.478174759184389, 6.093237196541277, 5.609103867262720, 0.235180841806974, 0.971366053492151, 0.033733688948087, 0.956379053228009, -0.237461293596836, 0.170150640874531, -0.173289001940860, 0.007753977456809, 0.984840493501329, 0.989959552566730, 35.916091444828481
24.283906326641560, 10.822382803072761, 9.620252374308496, 0.994552004503914, 5.591568076831447, 5.333944879772699, 5.203440625557869, 0.196847234221221, -0.898082458123304, 0.393318019916020, 0.177071636022357, -0.362004761501271, -0.915203905349389, -0.964311568994078, -0.249800822780091, -0.087765294066436, 0.994552004503914, 67.928264803533807
24.798092691280260, 12.325984833293120, 6.702812967052422, 0.990846719506758, 7.903955590656929, 5.812477703194337, 3.340441639319056, 0.967993895677598, -0.250409559825787, -0.016818747835745, -0.213561506860779, -0.786644178590156, -0.579294760098495, -0.131830575809484, -0.564345628704675, 0.814944605874329, 0.990846719506758, 11.056054345887359
24.780186645375853, 9.535075464592577, 9.224151071936516, 0.992708951088523, 6.366330201821492, 4.529785499442482, 5.351669294469694, 0.884779320285738, 0.354352945238625, 0.302654166657953, 0.293589825111410, 0.080503581432270, -0.952535662307522, 0.361898561734859, -0.931640039702722, 0.032806515160109, 0.992708951088523, 63.132054744446997
25.165907359506587, 10.440073094776919, 9.524972372319660, 0.992730092225974, 4.562261342760850, 5.716535360888322, 5.917942737662711, 0.871107256773177, -0.332169787029874, 0.361711735753263, 0.164140274696977, -0.497252203802791, -0.851937917946882, -0.462849994511733, -0.801500766311421, 0.378637563089946, 0.992730092225974, 66.393586401026624
20.488218833124563, 9.186569373671503, 10.536254470379516, 0.991331440365093, 4.601472429723745, 5.696384789343843, 5.863416578288933, 0.825026336978192, 0.467277260065001, 0.317779019947026, 0.555439898131877, -0.774064348345361, -0.303827095868559, -0.104009917102155, -0.427172502446983, 0.898167907630631, 0.991331440365093, 25.954761248059484
24.077261103680375, 8.828023618834427, 8.029822612786273, 0.991347638677216, 5.734863517951516, 5.407293208816045, 4.956386614247907, 0.838686903044637, 0.497209318160343, -0.222232249225720, -0.441785976920406, 0.382494665062371, -0.811494289440972, 0.318479872610308, -0.778768723777061, -0.540453370429652, 0.991347638677216, 30.399331089063338
25.601129606861992, 9.529990881772155, 10.093067557123607, 0.995041066298488, 6.043281019572627, 5.307213112567966, 4.845894444766842, 0.510087693313755, -0.839878381832762, 0.185512395434469, -0.859872542325006, -0.503135799494835, 0.086449859584757, -0.020730559215408, 0.203614024557925, 0.978831738818241, 0.995041066298488, 65.843594008519233
21.681158967200176, 10.231054544318814, 9.897810520519718, 0.988598898910710, 6.082580265677412, 4.696287145148187, 5.335905480761691, -0.887412809051426, 0.460139960025474, 0.027743891565733, 0.455528116033471, 0.866111101728504, 0.205780696290085, -0.070658628874701, -0.195250548399718, 0.978204774837639, 0.988598898910710, 49.970705754806112
19.422759919970943, 7.602074891481882, 10.299067055655909, 0.988140983388476, 3.814631871131180, 6.655090369357476, 5.995706962555370, 0.422870445237502, 0.906002442459907, -0.018443448737160, 0.878774501626565, -0.405023675938159, 0.252410770809258, -0.221214741451874, 0.122944687507125, 0.967444387020854, 0.988140983388476, 11.196035384807383
24.441015311514345, 9.583844860982646, 8.775193633096622, 0.990751276985523, 6.038994609421734, 5.316963774168356, 4.778106564457836, 0.476870528710369, -0.654592836052138, 0.586602691637800, -0.091780281463423, -0.700806786906399, -0.707422241211304, -0.874168678678199, -0.283510258042190, 0.394272817732675, 0.990751276985523, 55.016347346279346
24.878085915344084, 8.710855937773429, 9.738920247073507, 0.990362222358552, 4.847634457254889, 5.470897191313244, 5.778086407357662, 0.582979301025016, 0.703823280034779, -0.405916155206305, -0.714667510785882, 0.681870486899388, 0.155894156794612, -0.386504183164291, -0.199212021667059, -0.900516011417802, 0.990362222358552, 52.871545576941337
26.719897083358969, 11.626356368036227, 9.892517073878027, 0.990868767931355, 6.084204041730860, 4.819589399212444, 5.233893253510939, 0.994694167924670, 0.097630343147497, -0.032431903945811, 0.100325774086120, -0.850809548522920, 0.515807959609238, -0.022765134540986, 0.516324925060883, 0.856090135680937, 0.990868767931355, 27.076902574220632
22.687072650056937, 12.517302943722264, 6.629127614464306, 0.992715459447393, 8.663166264233025, 2.791166695973365, 6.382666957804350, 0.995830111055909, 0.080695073275881, -0.042552262729207, 0.079667556813899, -0.541993708485667, 0.836597812782975, -0.044446263123905, 0.836499327621340, 0.546162434247694, 0.992715459447393, 11.898942702956358
25.359949688490204, 9.654657701547880, 9.171923388862364, 0.994194573144244, 5.967995650224227, 5.390991517659488, 4.818449043910284, 0.719597391545589, -0.689566264140915, -0.081718794897652, -0.686043185939855, -0.687812005657721, -0.237190623546959, -0.107351483950045, -0.226744376406214, 0.968019961912914, 0.994194573144244, 61.707323673066313
23.226258306298707, 10.218725506499890, 9.393156243293458, 0.991244299407926, 5.076424757229476, 5.702728005385155, 5.307521339760776, 0.990089011075046, 0.089616201526493, -0.108132726648325, 0.028112344530095, -0.880831096220499, -0.472595256023604, 0.137598859855231, -0.464871505208652, 0.874620510513893, 0.991244299407926, 73.361106973993330
25.440067518683307, 10.361047923328819, 7.830581005167662, 0.987838809140652, 5.763308884653354, 4.984432499357529, 5.293719066785045, -0.777941008744737, 0.582754960074100, -0.234956258529659, 0.436370357017011, 0.232026367318162, -0.869335767345382, 0.452093683245041, 0.778819890204515, 0.434799816227836, 0.987838809140652, 26.620931732806245
24.617502483673228, 11.029440614935513, 8.369882475798788, 0.990826860963234, 5.932942754682426, 5.247326995940488, 4.929186842714192, 0.924114399755939, -0.376508158680859, -0.065224095321204, -0.221805257137070, -0.389552888410234, -0.893896512487660, -0.311151095241651, -0.840529686315714, 0.443502922596829, 0.990826860963234, 37.369799163678763
22.243619314379853, 8.737986905169862, 10.831708247176676, 0.992260964152836, 6.284474629209221, 4.467591440938540, 5.489408420167555, -0.907178636277298, 0.189366922938228, 0.375722091949581, 0.238318480916029, 0.967197111683925, 0.087943440938757, 0.346743743326305, -0.169321929020372, 0.922550194199146, 0.992260964152836, 38.678168224866859
24.380623115187881, 12.167595873955545, 8.987117578570475, 0.991752385948554, 4.578877655588663, 5.535499341580784, 6.071334643796513, 0.261048059338835, 0.940618897816922, 0.217002303640095, 0.694231007381655, -0.339129450517596, 0.634850001324317, -0.670743780519268, 0.015076632956766, 0.741535889915928, 0.991752385948554, 27.074421703062850
26.060876534831209, 8.541292795229101, 7.565308192638394, 0.990841011555099, 4.357203803856146, 6.247272536181682, 5.637724483419920, -0.488720725204869, 0.871654578059735, 0.037018229330060, 0.696724438094960, 0.415475139262572, -0.584769583696013, 0.525097238724876, 0.259997509992408, 0.810354357476566, 0.990841011555099, 16.232182058522248
25.934892300100469, 9.686123827138623, 9.934174356058245, 0.992220359103526, 5.803677858446846, 5.015154567684760, 5.294525367469876, 0.975821972943111, 0.218525067195382, -0.004274591052697, 0.214655417490726, -0.961858862214132, -0.169559962615052, 0.041164655510478, -0.164542773124161, 0.985510602149624, 0.992220359103526, 64.561596185396070
26.552150692012376, 10.244182945786500, 11.575716139171593, 0.988604654341012, 6.276849571878844, 5.175942791955637, 4.691665237912876, 0.788071201897963, 0.581914317303568, 0.200797181395112, 0.574832384975099, -0.812359482998926, 0.098182480950305, -0.220253285839142, -0.038049936909799, 0.974700309006938, 0.988604654341012, 28.851049525374044
22.936788183977090, 11.543383041515295, 10.435069981605849, 0.991314948128763, 4.557952663747000, 6.028774317635427, 5.592762539080652, 0.476945257011301, 0.664740994233673, 0.575015332317018, 0.878602340943519, -0.378523819424731, -0.291166008690373, -0.024107017712530, -0.644080063899932, 0.764578133995256, 0.991314948128763, 41.821880139305563
25.057887236833164, 11.026903721691779, 10.292720701646203, 0.991772354775973, 6.103982114665126, 5.185038414014218, 4.862515702673258, 0.611177053681434, 0.739389493135457, -0.282428374095404, 0.542963981646044, -0.132036229603968, 0.829310887850293, -0.575892979370608, 0.660204219550936, 0.482159376968637, 0.991772354775973, 59.030266125886889
24.451163327137607, 12.395134666272526, 11.651981493176892, 0.990834645376869, 6.528303293321787, 5.878427724174839, 3.998824071731545, 0.404972739835971, 0.911533616347561, 0.071439108743627, 0.653651049906265, -0.343261611039523, 0.674471475559188, -0.639325726798308, 0.226446312963775, 0.734836500453623, 0.990834645376869, 20.366113138949586
24.805251062260069, 11.985084935667521, 7.888101354997441, 0.989869037588091, 7.163452087436026, 4.015378540376854, 5.319546608787690, 0.976705535475645, -0.194429304063127, 0.090793957358196, -0.202791589374713, -0.698002174641440, 0.686781286491339, 0.070156027895767, 0.689195335095464, 0.721171215338313, 0.989869037588091, 18.292525147061983
24.762832508418342, 10.019429365872565, 10.080262272518361, 0.988604977733541, 6.782243052660184, 4.420887425103858, 5.083652142784776, 0.840016489206349, -0.529136121415906, -0.119946916902319, -0.527143535246957, -0.743625185517625, -0.411267889229415, -0.128421147436004, -0.408701050251660, 0.903588103293979, 0.988604977733541, 74.316932118245589
24.568629037995890, 8.773353719192583, 10.493997380219289, 0.986460161411138, 6.260366005369909, 5.205074296909470, 4.647316464827399, 0.978144350830795, 0.207865025023917, -0.005075461516938, 0.132056199435017, -0.639897430750205, -0.757028690546182, 0.160607562488765, -0.739813090916276, 0.653361922199575, 0.986460161411138, 49.390450629255497
23.743516051944596, 10.258271564367121, 9.676807319473829, 0.990950190138484, 4.748434175232163, 5.910075403044495, 5.470188404774972, 0.248785183795632, 0.939206627715972, -0.236636520381289, 0.373379769174415, 0.132433935301802, 0.918176889685064, -0.893696525838069, 0.316784095615403, 0.317733152928833, 0.990950190138484, 77.945398907846851
26.852317504038531, 10.806734440217337, 11.113251443732977, 0.994219156661239, 4.527579077582838, 5.990185888143567, 5.716501069748697, -0.130359068514889, -0.926807156932288, -0.352186040488574, -0.726371487312874, 0.331048735132192, -0.602321506660902, -0.674826626382521, -0.177299827485718, 0.716361497777987, 0.994219156661239, 30.548540073234776
25.741923564343239, 11.541390644573994, 8.955911096052217, 0.989496667076229, 5.993597249033775, 5.252450154746086, 4.854938842901624, 0.249972877143622, 0.874131594763635, -0.416422280538065, 0.471079146419074, -0.485538927834581, -0.736434917264466, 0.845930256286897, 0.012079097368132, 0.533156728275237, 0.989496667076229, 30.640451275087834
24.171903946868770, 10.669511379016003, 10.894220232167738, 0.991341993101758, 5.711468557769056, 5.528263772349674, 4.867704604035347, 0.735854472338722, 0.677013608501013, -0.013067878310486, 0.534672378331485, -0.569083622120126, 0.624715358290470, -0.415504083479878, 0.466686623912744, 0.780743204691832, 0.991341993101758, 64.157005795126082
25.921114448914455, 9.346532419051583, 10.268571104009938, 0.991713047944833, 6.083048140796264, 4.722924288129065, 5.355698214914807, 0.908129579268201, 0.228805803506638, 0.350640230920300, 0.379166153091046, -0.094234758748062, -0.920517701401680, 0.177577294743155, -0.968900260359845, 0.172332788134835, 0.991713047944833, 59.175725847567357
27.236108538000451, 10.502535585367411, 9.019606807243797, 0.988593740000801, 6.037070591277645, 4.855555552420252, 5.199704213188538, 0.736126996500517, 0.517467273596549, -0.436285073982232, -0.656032812347807, 0.704097743092258, -0.271785425097475, -0.166547273007258, -0.486285912739555, -0.857780867660793, 0.988593740000801, 28.491084978224809
23.350130083359002, 9.538404272581973, 9.154109416047191, 0.994065620051859, 4.744326715808302, 6.000039965086520, 5.443856668473011, 0.306282613524896, 0.845064850692590, 0.438242351646062, 0.876622293194677, -0.070909855379423, -0.475925569269162, 0.371112268358869, -0.529940742474081, 0.762521143142637, 0.994065620051859, 69.676137438749478
22.055194221295004, 9.444053791670878, 11.600935678642559, 0.995507059446565, 6.185146547875372, 4.782745655269284, 5.261335602090004, 0.954717435477554, -0.266473747564759, 0.132311602869726, -0.293965254389808, -0.776424894543224, 0.557448484027968, 0.045815364308255, 0.571100801078354, 0.819600407150316, 0.995507059446565, 34.407834801566928
23.175456490790914, 7.823717027173132, 9.520203468462796, 0.993240257598226, 4.588302044999194, 5.893430042532018, 5.716537568025811, 0.085401520265997, 0.954958928717505, -0.284183083238556, 0.990203175122731, -0.112974452235423, -0.082063665034950, 0.110472857811858, 0.274390629586401, 0.955251553299998, 0.993240257598226, 28.216199680168184
24.822668485795216, 10.003057668441521, 9.425316205762035, 0.990389985606768, 6.253743544437475, 4.735411486889344, 5.175009870267699, -0.861546644368669, 0.489376355412002, -0.135085759207819, 0.441975063083803, 0.853927151990365, 0.274711599146618, -0.249790758814564, -0.176972319466321, 0.951990217887534, 0.990389985606768, 69.158508743909152
22.102134378300473, 7.644697307371247, 10.156870398534892, 0.991791194335794, 6.017007906060791, 5.097376409781969, 5.017919729995389, 0.737334594926069, 0.536110049775705, -0.411003296403692, -0.293889568049365, -0.293247588328677, -0.909744345259245, 0.608248811685619, -0.791575559544953, 0.058664440797867, 0.991791194335794, 21.142090509858221
25.417390546220854, 9.748832341534248, 12.915019822430201, 0.993780953134820, 6.322439793609233, 4.344217675295525, 5.637232902493677, 0.968488959355683, 0.119860045690934, -0.218317899067197, 0.236860011722077, -0.172315151727481, 0.956140587639785, -0.076983572618872, 0.977722382853181, 0.195275373805128, 0.993780953134820, 18.597757838612612
27.321215119789027, 6.667600494472040, 8.315365059561795, 0.990917932980578, 7.811900711470581, 3.232974058516731, 6.077771691176846, -0.960592775362358, -0.277474762690281, -0.016409631062696, -0.254990019088391, 0.903175285629502, -0.345332439242783, -0.110641809850272, 0.327539554096967, 0.938336949296475, 0.990917932980578, 9.258986039963709
18.010774279544762, 12.150243214003270, 11.047617215510636, 0.990381589204672, 7.945905019971975, 3.862029316328541, 4.993890230281622, 0.786188989530735, 0.603181456260992, 0.134458185185996, 0.557404238532899, -0.598181062521298, -0.575742938564121, 0.266847124035845, -0.527590321427298, 0.806499265424364, 0.990381589204672, 7.867719595653253
24.676450947370231, 10.001749323958013, 10.775102913839824, 0.989042381588830, 5.775147482989943, 5.282006642054227, 5.003488845793311, 0.940008171012824, 0.286689020709883, 0.184916315758056, 0.078540514617382, 0.345613576267580, -0.935084297517165, 0.331987990735752, -0.893510302852710, -0.302362882482782, 0.989042381588830, 65.620159596588593
26.255567260255603, 11.228438099844048, 11.047847369921037, 0.990517872374834, 4.639961464227027, 5.919711826970792, 5.581645644299406, -0.177892305350017, -0.886736597846073, -0.426676146201809, -0.983089598103393, 0.140992615876511, 0.116858565664683, 0.043464580961571, -0.440249120735828, 0.896823027075668, 0.990517872374834, 33.220740844188583
22.936012381177676, 10.197246081259001, 8.862810680262251, 0.987341570917809, 4.934312586021788, 5.355218011593596, 5.746305442795525, 0.863533167359452, 0.450944422703895, 0.225742323241353, 0.105235684144165, 0.276647680543974, -0.955191871632265, 0.493189537249993, -0.848596010173209, -0.191439002988544, 0.987341570917809, 54.178919844374782
26.658282565491106, 9.276841658590952, 9.942508229428908, 0.991354389304513, 4.900410120074582, 5.354472643491175, 5.857710736902248, 0.248405029845854, 0.956730297489971, 0.151532435511451, 0.954383745446484, -0.214976335312064, -0.207212069347652, 0.165670177083328, -0.196092613630772, 0.966489047689953, 0.991354389304513, 43.665429324013850
25.613127535792518, 8.874129567229110, 9.006782910426026, 0.989924486516253, 6.572208233424523, 4.778656135884535, 4.872808652995347, 0.996727594014640, 0.078790691433517, -0.018059077307944, 0.079454928678032, -0.996051082460848, 0.039612566659348, 0.014866661984276, 0.040917820958610, 0.999051907705222, 0.989924486516253, 45.241958072446280
22.985930460469326, 9.196579013330407, 11.004874783234611, 0.992676957588994, 5.745291513120375, 5.361542357418227, 5.009706288143623, 0.998644113171857, -0.046429391168574, -0.023542448107853, -0.040291651520032, -0.403022698880329, -0.914302623317359, -0.032962373169778, -0.914011496548556, 0.404346962560725, 0.992676957588994, 49.795788712790106
23.461220443097520, 9.645231964859995, 10.981538530924150, 0.992813676414010, 5.843765991255171, 5.362993922030335, 4.925988395032500, 0.535436302594694, -0.727699671333686, 0.428673715318035, 0.825317823562783, 0.343051130079066, -0.448515788195986, -0.179327789183144, -0.593943693031857, -0.784265537642937, 0.992813676414010, 61.788825803206954
22.335627931699875, 8.038739439839887, 10.204946930564796, 0.990509955591306, 5.944200542386556, 5.152706628169405, 5.005389957898792, 0.869429462838401, -0.485847225649982, -0.089693268848593, -0.251425337083957, -0.591377856712758, 0.766196796170568, 0.425297200814618, 0.643602908568662, 0.636315634776649, 0.990509955591306, 29.306914504476854
24.082164452287760, 10.012112691322391, 10.705753894103804, 0.991321674960090, 5.618170349835525, 5.187576681499449, 5.273204641080389, 0.776930313166975, -0.511697822570182, -0.366803253610436, -0.457034251823367, -0.859090359511686, 0.230398452369665, 0.433011525415343, 0.011361891172528, 0.901316773552152, 0.991321674960090, 74.302716662774330
28.396592677340983, 8.807619381910117, 8.821887080671827, 0.991674190103253, 6.176392273428225, 5.293221786582645, 4.705895951655328, 0.812387822367855, -0.505507749831012, -0.290668094102537, -0.357106887512790, -0.825360595178266, 0.437326604287809, 0.460977978822570, 0.251479229336670, 0.851033195740855, 0.991674190103253, 13.238164259171858
22.336085013565750, 8.192358466965947, 9.288675226025298, 0.993736735360245, 6.325956037142827, 5.108183761623713, 4.790839314050370, 0.906304936796855, -0.419784677894984, -0.048909975897085, -0.079913333032815, -0.056578754476357, -0.995194806932537, -0.415000265953210, -0.905858525790043, 0.084823997266435, 0.993736735360245, 28.765269570593510
26.993821987041656, 10.854917624201533, 11.406974195477735, 0.995076885152870, 4.570415662769950, 5.995621996692027, 5.672444075909524, -0.264508972820544, -0.913224382531696, 0.309929395906588, -0.856703170809058, 0.074940296235709, -0.510336780102914, -0.442825790151303, 0.400506153697675, 0.802184604955224, 0.995076885152870, 26.000201993533569
24.414434786821907, 13.483302091233314, 10.693985509182163, 0.990405544541230, 3.555961382508067, 7.205778058368168, 5.981244061630592, 0.185108529692492, 0.965328646410863, 0.184052809415271, 0.939158361758223, -0.118630174349672, -0.322348341508648, 0.289337871310850, -0.232524162512924, 0.928555927272541, 0.990405544541230, 15.392566789137906
23.752700748215940, 12.049831875127200, 10.600513894818402, 0.990361169160917, 6.104990423884631, 5.097879911211559, 4.923755469050146, 0.631503821600529, -0.637629132528297, 0.441171182938254, 0.517595853696006, -0.076976900606132, -0.852155554467479, -0.577319197273596, -0.766487864303333, -0.281422988284691, 0.990361169160917, 31.226497406071701
25.403566744234059, 9.450712588404931, 10.087151557169539, 0.994617180018738, 4.842423033240087, 5.757683944029477, 5.567337810143600, -0.274205895707389, -0.959570343024258, -0.063528604168654, -0.254327612593049, 0.136067837795162, -0.957498307565329, -0.927431179242982, 0.246394602834678, 0.281355837796042, 0.994617180018738, 68.275816013394646
21.236509981010030, 11.067746463079187, 9.866281085304232, 0.990430218231655, 4.871482539845204, 5.483477810356272, 5.737790123805978, 0.198157789205811, -0.979623211876099, 0.032739171196315, -0.570741957584247, -0.088165813782324, 0.816382512755511, 0.796860783593952, 0.180458172532188, 0.576582812383769, 0.990430218231655, 37.694491635517352
23.977728745318664, 10.594623412333656, 11.598382809454472, 0.991306714828462, 6.178526848523808, 5.098046344332380, 4.878942265795756, 0.828001866344734, -0.392322177037222, -0.400619793238441, -0.387764276704362, -0.916714780787821, 0.096295775593117, 0.405033054258019, -0.075612962446341, 0.911170074612039, 0.991306714828462, 45.876356012576558
19.960919829226558, 9.776672942626179, 8.829571651847399, 0.990815466254484, 6.122651112372160, 4.665611780069409, 5.371807884535680, -0.601102583085081, -0.546946234094742, 0.582688168421174, 0.710222115091040, -0.031306000371200, 0.703281225098729, 0.366415381560399, -0.836582184456697, -0.407271428909038, 0.990815466254484, 17.950503830437725
22.053248064886503, 9.277095923760665, 10.284324057085511, 0.989973678523340, 4.747071353872327, 5.876184321633337, 5.487064000009553, -0.393624470623405, 0.746808881253315, -0.536037564922102, -0.206855984956321, 0.496199890717577, 0.843205947523862, -0.895695471471300, -0.442789073186136, 0.040834532601315, 0.989973678523340, 50.546976771858240
25.853209536617211, 8.578774089430635, 12.141123127415156, 0.989048684821365, 4.378809482269240, 5.741572827256100, 6.070945498593280, 0.207101116058477, -0.697346309888259, -0.686161243304052, -0.340398630632477, -0.708906790836242, 0.617721566864712, 0.917190220178382, -0.105637521702704, 0.384191116526193, 0.989048684821365, 20.090920922778583
25.724296113768535, 10.580773780897028, 9.858975943530082, 0.991758015075473, 5.880722377073927, 4.923614520179228, 5.314870514603952, -0.481497233250464, -0.874191805469735, 0.062841877929550, -0.426710846176119, 0.171191402124516, -0.888037925763479, -0.765557488453877, 0.454403115183210, 0.455455311511443, 0.991758015075473, 58.895060560402960
21.790619705588782, 9.252514853384239, 10.484162286457613, 0.989491252379734, 5.716064884501190, 5.003384589215740, 5.343983314164187, -0.558601551641470, 0.578732527040970, 0.594165775393126, 0.828901318599985, 0.363787881263799, 0.424948210337216, -0.029781043080267, -0.729881524351979, 0.682924629723283, 0.989491252379734, 44.620443499680917
19.372453773655600, 8.165146837153824, 8.998007737422940, 0.991326935134828, 7.158109553351653, 5.146812661950560, 4.171615478550700, 0.813969595127597, -0.427639736580879, -0.393163774914286, -0.229614773335067, 0.384844576258749, -0.893964041777135, -0.533601493695530, -0.817935760204468, -0.215059382740299, 0.991326935134828, 11.818310025742242
21.928504547609574, 7.258679174713800, 11.400683227256101, 0.989492734169646, 3.862690665203524, 6.516867376258077, 6.071545698673039, -0.200616369005006, -0.931722183945977, -0.302732298293700, -0.916559818897485, 0.069389126878196, 0.393831496269269, 0.345935211954286, -0.356481305279842, 0.867899710863025, 0.989492734169646, 15.197760722650347
19.472679397928381, 9.902076349360453, 10.445976356917877, 0.989044905917881, 4.899971243336180, 5.411666756738695, 5.755906188439529, 0.814087261159671, -0.559589795255152, 0.155309987649993, -0.336200942213687, -0.672183677865738, -0.659649929633529, -0.473530207771557, -0.484797240356405, 0.735350785727900, 0.989044905917881, 16.176579379237225
24.489220722658946, 10.105930053786336, 9.072509723222348, 0.990395822385681, 6.089423029978680, 4.705676447218162, 5.348333050092905, -0.781566255768880, -0.610681310089744, -0.127367677809121, -0.490443172821209, 0.475340629298844, 0.730422330142532, 0.385512233368124, -0.633340053719054, 0.671014675158947, 0.990395822385681, 65.404864312907918
22.362991718812648, 10.167078732755789, 10.973769607939509, 0.991836227095479, 4.914144701709026, 5.443257875688372, 5.754443140788982, 0.688479135095772, -0.701658748850641, 0.183497903800371, -0.430082472721843, -0.598713355464561, -0.675700662013759, -0.583973926811157, -0.386286575161135, 0.713972782853127, 0.991836227095479, 49.605623084669695
23.651986324983934, 10.493133588260221, 12.208479232481370, 0.991277930127196, 4.858267205410864, 5.560408162700418, 5.688378604006289, -0.097934177465196, -0.777349102626172, 0.621399444424036, -0.328452815820187, 0.614660999014943, 0.717154518963482, 0.939429425057575, 0.133866459340037, 0.315518820991326, 0.991277930127196, 28.323239825398723
24.650397429374131, 10.115651434842238, 6.915923866842464, 0.989093437283844, 7.130744134747931, 5.226537826883288, 4.095936942542870, 0.891779190056333, 0.438039763964141, 0.113362433674960, 0.444958784235584, -0.894467443419791, -0.044041718786324, -0.082106982127351, -0.089717098973954, 0.992577093044987, 0.989093437283844, 16.550623203668671
21.671103092259070, 8.757496999122520, 8.479582244223346, 0.989979085458915, 6.385909541727129, 5.229786064479809, 4.583124190742311, 0.924613875246149, 0.340788256650065, 0.170154476378697, 0.122629704637671, -0.689248175323520, 0.714072061037032, -0.360626035170475, 0.639374942379357, 0.679079189649202, 0.989979085458915, 24.639814581498449
24.414668092091379, 10.119591665837724, 10.902794519440521, 0.991266306226049, 5.758366639088912, 5.227181947656544, 5.104983648559891, 0.606414068865911, -0.782485313887372, 0.141346066914053, -0.380149820596792, -0.129171616408832, 0.915860692144038, 0.698389641233114, 0.609123490816855, 0.375793137182375, 0.991266306226049, 66.117661509864320
22.090114484765522, 11.201607635371644, 8.251387794661447, 0.994204519328930, 6.302378916167507, 4.610760856952567, 5.335072716517289, 0.953114183686691, 0.271505833341586, 0.133633586035641, 0.035758251179792, -0.539556939233902, 0.841189429793971, -0.300490765794586, 0.796971073368435, 0.523967945475817, 0.994204519328930, 25.119734224411197
23.315015619499114, 10.944088175318063, 8.811470713357753, 0.991269478602928, 6.115093582119477, 5.341503111668543, 4.704341732131163, 0.419215092035665, 0.900141766649286, 0.118336412583073, 0.270401918190841, -0.248219735609444, 0.930198777408728, -0.866684203876039, 0.357954973128577, 0.347457519654240, 0.991269478602928, 49.942000471757858
21.774188210256767, 12.779664200106067, 10.113464481589066, 0.990843118839031, 6.770592214447328, 4.071652534143940, 5.566825125665838, 0.965533594732260, 0.250671482220637, -0.070062011423517, 0.254096184095470, -0.966128342476164, 0.045068338025507, 0.056391547873074, 0.061317484175145, 0.996524038577549, 0.990843118839031, 17.190323583063250
23.884486883242573, 9.741748077664662, 9.135788888143214, 0.996437309501226, 6.174393779907279, 5.058734597263992, 4.996938160658177, 0.931406359993344, 0.331857223965579, -0.149509114992396, 0.153687603179070, -0.730916157774839, -0.664937358653233, 0.329942893836225, -0.596349187310191, 0.731782299322313, 0.996437309501226, 72.804461492463290
25.327930151052442, 9.746442923285040, 10.977619052578671, 0.992909830286373, 4.860481165421778, 5.425304072443959, 5.856205863082654, 0.827904597509513, -0.540348386689895, 0.150324976049355, -0.538037554821900, -0.840838225448897, -0.059217127802867, -0.158396865574676, 0.031854350182954, 0.986861557337472, 0.992909830286373, 54.680593617224481
24.259109041092437, 11.402574633222562, 8.328013943645578, 0.991786981889473, 6.155373541112272, 5.162867575406788, 4.842839362658600, 0.715519339173571, -0.653794381190929, 0.246140168180218, -0.169232501998264, 0.179624893504965, 0.969069274046359, 0.677784947852948, 0.735042723082475, -0.017881826178448, 0.991786981889473, 30.798936883569620
23.770076467445012, 8.429621862010668, 10.589669143512548, 0.989056275203515, 5.603602635024083, 5.417644731232595, 5.027770061450265, 0.980689991555565, 0.188861756817477, -0.050777724196361, 0.189345873140679, -0.851946598742335, 0.488195793935140, -0.048941605892527, 0.488383281555771, 0.871255696973901, 0.989056275203515, 45.636691590577215
24.503260497639783, 9.531769068636603, 8.560041860116325, 0.988514497531331, 4.414050091289900, 6.097019790745760, 5.662191057851539, -0.831774912689376, 0.552708191058807, 0.051615406198941, 0.554206934084384, 0.821509171302334, 0.134079661690133, -0.031704397697604, -0.140129714916767, 0.989625431243548, 0.988514497531331, 47.525280181742893
25.678981344635208, 6.657533551286261, 9.793161289369181, 0.992312270574334, 7.787586365207415, 5.346349148024882, 3.702330153896284, 0.852384957816462, 0.493464747735494, 0.173009902695119, 0.109061524296477, 0.155815670142935, -0.981746943390219, 0.511415161689951, -0.855695050634426, -0.078996915847319, 0.992312270574334, 14.773589203176739
25.998299700394732, 12.568702956973622, 8.851150786803402, 0.990793272708715, 3.936573792206599, 5.985332232703481, 6.512275139097167, 0.333010669581174, -0.784040885269964, 0.523816555838196, 0.734355920230418, -0.132808756665270, -0.665644962855998, -0.591460291454663, -0.606334663678498, -0.531538332817351, 0.990793272708715, 16.640803538667338
22.567111684827044, 9.417904024947775, 9.397935912211333, 0.992818165294250, 5.863829571546694, 5.527613072501706, 4.762998250876155, 0.551422722298010, 0.818596705375094, 0.160724656734720, 0.034155870376110, 0.170347637495804, -0.984791886094950, 0.833526458999534, -0.548526313269145, -0.065973675045868, 0.992818165294250, 58.209291553554230
23.867769548093591, 9.700728467405268, 9.497561519871674, 0.994811695720008, 6.023963350763229, 5.210691732133172, 4.948062745168346, 0.166488839283908, 0.949954639338083, 0.264324894011047, 0.458967061931555, 0.162598389786772, -0.873447765868495, 0.872714559553015, -0.266735724714188, 0.408927072600217, 0.994811695720008, 80.050489666561234
22.842115297216267, 9.802409508955011, 9.299779153706837, 0.991770217374741, 5.593449132580145, 5.191681176303403, 5.299510199256111, 0.934435582784235, -0.355555098177305, -0.020266074775684, -0.124615486535531, -0.273133282704370, -0.953870636089951, -0.333618228132396, -0.893856130503820, 0.299533129751183, 0.991770217374741, 67.740352997886134
24.020515633918823, 11.126445842925769, 12.142296216207109, 0.995498368148967, 6.370227205350331, 5.190678562301017, 4.706877024065916, 0.751733572035934, -0.545344742676758, 0.370804191331377, 0.599440514192101, 0.330677399160634, -0.728919424648204, -0.274895810479543, -0.770228257933439, -0.575483035424690, 0.995498368148967, 26.721705151063365
24.479247828178995, 8.188837401905470, 8.836693083173005, 0.991266714825752, 5.735426054765347, 5.312046270149531, 5.043526287541627, 0.936457155866406, 0.346746165811088, -0.053057437950885, 0.344172164344888, -0.879016008805188, 0.329964206474510, -0.067775486104919, 0.327258235586986, 0.942501209932239, 0.991266714825752, 33.696877778805842
24.475559266905194, 8.419143493514381, 11.159641535972550, 0.990366667542512, 5.939145629438187, 5.525358227674795, 4.669752711966851, 0.710844030768612, 0.682601409052104, 0.169576178399903, 0.154342073542468, 0.083836381193382, -0.984454156130700, 0.686206447255667, -0.725966099448507, 0.045759525743555, 0.990366667542512, 34.724443073591097
24.472450979136568, 10.053648705113524, 9.105023792841678, 0.988596378748809, 5.016441144939253, 5.650320497179371, 5.377476169867913, 0.530943193643772, -0.830599822775613, -0.167938261061833, -0.229221637873324, -0.331561195644212, 0.915163709001647, 0.815816625139511, 0.447404859102023, 0.366431611897604, 0.988596378748809, 65.364605031583224
21.316590113151932, 10.870015012254992, 7.256549411321083, 0.989915209843703, 4.002954425987752, 6.642162968329560, 5.755645951750240, 0.241026902201104, -0.953160764090166, 0.182730922983466, -0.308244129608622, 0.103350077269173, 0.945676645630143, 0.920267129140861, 0.284259246687783, 0.268896061137629, 0.989915209843703, 14.988132641677787
22.296954831192416, 12.389377008544692, 10.502064939641478, 0.991341567474141, 4.724169972551171, 5.968858464752212, 5.450588642708740, 0.500625258347736, -0.797113746003791, 0.337615204983523, -0.864231399975588, -0.482647831059304, 0.141968864438605, -0.049783913069379, 0.362850860692867, 0.930516423763679, 0.991341567474141, 22.731646890956124
25.161865177707668, 10.932998785687868, 11.060196361665138, 0.994699956571302, 5.819717023892027, 5.217486414794466, 5.113324495758507, 0.471860957301564, -0.757487278315012, 0.451176528828094, 0.174751565152805, 0.581927184578435, 0.794243440215443, 0.864181189017151, 0.295928665457627, -0.406960805863871, 0.994699956571302, 48.406402480442260
26.292864027735689, 10.247632368189105, 10.085605305992775, 0.987773766530103, 5.917128640854619, 5.240224087556958, 4.903451069641593, 0.199699564067821, -0.976950421948144, 0.075418546568242, -0.971642953758764, -0.207383373298877, -0.113587441603914, -0.126609851599575, 0.050596536783879, 0.990661362900265, 0.987773766530103, 50.716397140923192
22.833577410368026, 7.840532066045334, 10.765851402399669, 0.991324994060697, 6.000012627204960, 5.222076312841431, 4.905045521603155, 0.978008624512800, -0.177206722674570, -0.109985943727003, -0.181081261816251, -0.459813266197230, -0.869356852419114, -0.103482882630973, -0.870154892917332, 0.481790156950524, 0.991324994060697, 25.775723615270227
24.902281579714398, 10.249503895004247, 10.713722721806597, 0.988600639940512, 5.476739682972358, 5.641609775509106, 4.933189202271043, 0.965215094882832, -0.255505855643059, 0.055466912140787, -0.257035636449703, -0.888444143249278, 0.380262653860397, 0.047880081508096, 0.381292226590268, 0.923213808246288, 0.988600639940512, 66.114330557305266
22.684683992350450, 9.526622454627113, 10.033783524491561, 0.990861975784152, 4.937259974210884, 5.487235577694340, 5.664872493358111, 0.581334459547899, -0.688506018662325, 0.433600863015638, 0.651558399068743, 0.074717995476996, -0.754909844786035, -0.487362184361003, -0.721371390767373, -0.492038024787941, 0.990861975784152, 68.188990672070560
25.053563410514698, 9.537823010750527, 10.120182275158088, 0.991785801724229, 5.969813547770553, 4.985646687479030, 5.170846512771773, 0.290148766272122, 0.841344798114054, -0.456018227834356, 0.606304389672325, 0.207064924438004, 0.767801474426530, -0.740411156381935, 0.499262503853339, 0.450031411960611, 0.991785801724229, 69.532679337633070
20.615188525887085, 8.937389454764054, 8.874747705910167, 0.988545925443625, 4.786730605678586, 5.814382307551664, 5.475682183707318, -0.268092434650159, 0.843262270692576, 0.465870356762213, 0.426585965545100, 0.537489446815573, -0.727412887266815, 0.863800243391552, -0.003719864014987, 0.503820704346700, 0.988545925443625, 22.491107664984220
24.129571478587827, 8.080071524371068, 11.123634237051640, 0.994664675919932, 6.146482930713003, 5.496474921639420, 4.595252779204208, 0.348951242473511, 0.937049704752205, 0.013072153609796, 0.319713770316565, -0.105924056965935, -0.941574850569961, 0.880917780185052, -0.332743061504944, 0.336550025366449, 0.994664675919932, 30.166180620828218
24.373941216426566, 10.708305972638545, 8.744754681438726, 0.989053701052523, 6.402667795065135, 4.665721142559272, 5.109402571144536, 0.881756568261811, -0.453440808759890, -0.129987642790892, -0.454640744754041, -0.890402648678933, 0.022020818218935, 0.125726479059290, -0.039680677624228, 0.991271050866833, 0.989053701052523, 52.365094253189866
24.564170799030610, 9.878071211969797, 9.597904644479401, 0.990864418675391, 4.593259250865781, 5.956448538737063, 5.609505786870391, 0.147364512601682, 0.988314086222652, -0.038973932308057, 0.921929042811298, -0.122980941055531, 0.367318020464748, -0.358232522876852, 0.090060841162961, 0.929278485946116, 0.990864418675391, 71.119372593227325
23.111593872014101, 9.241952763898860, 10.888116323606404, 0.989948662848002, 5.967917898757774, 5.306019820038036, 4.833220009051473, 0.900776414366258, -0.384380919915075, -0.202121645863841, -0.295327775961220, -0.200939750566255, -0.934026081749418, -0.318407531423594, -0.901040800989396, 0.294520150219169, 0.989948662848002, 53.482304741517254
