xis_x,xis_y,xis_z,local_bandwidth_mbe_breiman,eigen_value_1_sambe_breiman,eigen_value_2_sambe_breiman,eigen_value_3_sambe_breiman,eigen_vector_1_x_sambe_breiman,eigen_vector_2_x_sambe_breiman,eigen_vector_3_x_sambe_breiman,eigen_vector_1_y_sambe_breiman,eigen_vector_2_y_sambe_breiman,eigen_vector_3_y_sambe_breiman,eigen_vector_1_z_sambe_breiman,eigen_vector_2_z_sambe_breiman,eigen_vector_3_z_sambe_breiman,local_bandwidth_sambe_breiman,scaling_factor_sambe_breiman
33.820261729838322, 26.463554651667430, 25.598374593828812, 0.451800055469155, 1.500922115757373, 1.859490563372205, 2.010529722747182, 0.451272686832316, -0.785102733789731, 0.424224774753942, 0.839964095866043, 0.534231194044289, 0.095170105421577, 0.301352417901505, -0.313385910190461, -0.900542054275653, 0.451800055469155, 3.661508823825331
26.668371636871335, 24.693216840320346, 27.234169321094356, 0.319037025147423, 1.543008407691063, 1.334631631651138, 0.959438957633749, 0.784669845118539, 0.618961212420550, 0.034354791231080, 0.600725900973239, -0.745532184979311, -0.288634982391022, 0.153041256076716, -0.247120979843593, 0.956822656117425, 0.319037025147423, 5.568169648383886
24.064080749870833, 27.197203845747104, 27.292039530072138, 0.333154706846681, 1.795462579128873, 1.092950212111693, 1.146528665135762, 0.996964626749889, 0.071619465867628, 0.030531706770006, 0.067104081560938, -0.591602092374029, -0.803432639700762, 0.039478794907101, -0.803042723899237, 0.594612317687059, 0.333154706846681, 3.440931956941021
31.151453403638605, 24.420811315654724, 26.797977241444723, 0.374985120007295, 1.332366906180202, 1.602447797597815, 1.502651156734601, 0.206378945065459, 0.973199172349473, 0.101445068741504, 0.442916482596607, -0.185363307764915, 0.877191788367116, -0.872486515928996, 0.136102222879531, 0.469301038193324, 0.374985120007295, 4.337524595079117
26.512359488698905, 24.457575439542367, 24.051467230312479, 0.307677862791133, 1.030792564057695, 1.350549794931739, 1.273006631575674, -0.211534039421165, -0.874282463266701, 0.436902191102853, 0.303747063303911, 0.366075932378900, 0.879617037844975, 0.928973127544826, -0.318776702657563, -0.188123210004392, 0.307677862791133, 6.934862443473781
23.659983145243096, 26.416472075519877, 26.199952193437312, 0.313072484360825, 1.523212928061706, 1.199238922273263, 1.022097109219569, 0.892019791001680, 0.422846164661611, -0.159692872390364, 0.353587277516140, -0.432721264773612, 0.829293882885584, -0.281561236039416, 0.796211924077812, 0.535508956336181, 0.313072484360825, 6.218242727976151
24.914897930692796, 28.378454885817760, 25.566964085660203, 0.338152135132859, 1.145368378567416, 1.487433881795542, 1.380948036361332, -0.369855800846774, 0.763518388042536, 0.529382997177770, 0.613735465104406, 0.628551122212860, -0.477757538546523, 0.697520942662705, -0.148199722961556, 0.701071591680229, 0.338152135132859, 2.764710241646573
23.511045602991359, 22.493789750882343, 24.537917833353834, 0.323402970764027, 1.437308199178043, 1.292532471185802, 1.107807863199723, 0.455467355385278, -0.859491562617683, -0.231999443894494, 0.142794279999951, 0.327757017656261, -0.933908523880348, -0.878725942360663, -0.392236651992248, -0.272013100890888, 0.323402970764027, 4.292550086985234
28.473745718280028, 22.931388395314638, 23.914978844457167, 0.335222374686082, 1.596588012387725, 1.139935935382716, 1.259358795947520, 0.957831308815118, 0.271171047360316, 0.095002352218387, 0.253378759985285, -0.641230296012942, -0.724308574754900, 0.135493128393422, -0.717837008344279, 0.682899437406050, 0.335222374686082, 4.359153891994851
24.320251496608396, 25.146132911367292, 26.700049113448873, 0.309533723920699, 1.135238384458553, 1.296224377137213, 1.226254064950470, -0.581744962026158, -0.800716100343666, 0.142921397305010, -0.316409681863819, 0.384658037954340, 0.867134999328222, 0.749304819402639, -0.459229703402938, 0.477127202255781, 0.309533723920699, 6.328732314544986
19.365870956216284, 24.424470446424124, 23.907381912788125, 0.354563745295863, 1.593030615607123, 1.262786509389118, 1.348195013673932, 0.988633854826521, -0.144008743164522, -0.043180817303843, -0.103149222515079, -0.440760863013107, -0.891678248882677, -0.109377049628283, -0.885997372190300, 0.450605500950106, 0.354563745295863, 5.670395581877290
17.811042630992109, 23.969033002169287, 27.040451035997570, 0.406950446007355, 1.335909363778758, 1.796468113431527, 1.708645130256168, 0.366303870808187, 0.926045963352501, 0.090886456578949, 0.211097244948793, -0.177832910476797, 0.961152125902232, -0.906233649455795, 0.332887863566531, 0.260626635024400, 0.406950446007355, 3.671758225231006
29.379163807936656, 25.683995869274124, 24.827874187288167, 0.331183760286527, 1.129408241741693, 1.326054017023231, 1.475770158439770, 0.923298578177572, 0.380379244833681, 0.053210578224952, 0.083545814972547, -0.063677370270925, -0.994467339491827, 0.374886425915701, -0.922635801719800, 0.090572319441504, 0.331183760286527, 7.281548983079279
33.694363387272553, 26.972569720241530, 26.486966441106848, 0.467225685922683, 2.268961249748787, 1.920898778914416, 1.423876640593740, 0.855336336507398, -0.487545013321527, 0.175213045848236, -0.402664657967816, -0.412823731383943, 0.816968628546960, 0.325976877513982, 0.769335054960809, 0.549420284058282, 0.467225685922683, 3.136200095171764
30.665399397798609, 24.013231706211034, 22.081372115666905, 0.390071256835461, 1.828029208547143, 1.352358384199725, 1.460766209548132, 0.894380140470285, 0.415862248583654, -0.164750582807167, 0.383266478599158, -0.902362414701390, -0.197101189535926, 0.230631677604259, -0.113140013864340, 0.966441082812720, 0.390071256835461, 2.487209260479037
26.758900553406793, 24.297136901719352, 25.567089392868219, 0.307760852450848, 1.381672515475095, 1.100220315950759, 1.166753584494022, 0.978475814618096, 0.148411737252320, 0.143384226654127, 0.009248986926331, -0.725661830153325, 0.687989363652785, -0.206154156999780, 0.671854794210978, 0.711415208614094, 0.307760852450848, 7.153813287692896
24.447552974670362, 25.172186231760254, 22.516674560346988, 0.319003218551962, 1.428932281669187, 1.291521571219542, 1.070275727829907, 0.925509813648113, -0.378618407721274, -0.008926711356549, -0.355568237939178, -0.860566838605044, -0.364686090305278, -0.130394835058236, -0.340694610506137, 0.931087734513890, 0.319003218551962, 4.713629796651101
23.475181810727896, 24.891905711347018, 26.538617434806973, 0.310704009681116, 1.062373980860678, 1.393384107548410, 1.232866605674203, 0.521710861710936, -0.755545000596657, -0.396193802130007, 0.163584870364431, -0.367191684934888, 0.915647452190269, 0.837291924576301, 0.542514533066236, 0.067972159383373, 0.310704009681116, 6.411902060970315
21.996712211711056, 25.429022276462703, 27.321144947444566, 0.330578699899246, 1.165860506517995, 1.435576316930169, 1.313335005080893, 0.542505697182113, -0.749717460988168, -0.378960812241060, 0.278899244176704, -0.264783147810273, 0.923095388480165, 0.792403167663161, 0.606476391399647, -0.065449267010791, 0.330578699899246, 4.241496092139676
15.271484584180206, 25.328243346721543, 23.635070314525944, 0.483141738042938, 2.486651098315864, 1.615079230135287, 1.708593617734132, 0.922998274862934, 0.360688622742801, -0.134081699064226, 0.193954265826129, -0.135123804861389, 0.971660074371500, -0.332349104659386, 0.922846289900806, 0.194676135795895, 0.483141738042938, 3.287174153344506
21.171489027609567, 25.015475834923190, 25.831095359359967, 0.324284480911491, 1.445104756023451, 1.254519716850750, 1.144525487044388, 0.850919968274238, -0.502954866353629, -0.151563880932669, -0.374126800250688, -0.377733601738315, -0.846963082697222, -0.368733433426305, -0.777401909265087, 0.509589959226677, 0.324284480911491, 7.192457082314236
27.645226191672158, 22.966653549389765, 25.631977194381498, 0.324175732418913, 1.554423233273905, 1.019274614287538, 1.308292371813305, 0.963332303270861, 0.253762604101382, 0.087151673733458, 0.242781807699751, -0.962691232743995, 0.119509766328480, -0.114227261741228, 0.093968777567509, 0.989000506328267, 0.324175732418913, 5.136396860847661
24.869038813278749, 24.831824130050727, 22.475507285550922, 0.318896314828491, 1.430528350989132, 1.318374397210204, 1.046253841766916, 0.801588015037359, -0.597007387660664, 0.032230935870009, -0.541657159944916, -0.747979146553676, -0.383581435162394, -0.253109018466105, -0.290016164031289, 0.922944445441708, 0.318896314828491, 4.143422033186559
26.197913799281956, 26.454280206988312, 24.447018276673422, 0.309447810134646, 1.420069596486714, 1.255231190651156, 1.011469247677224, 0.873749223724007, 0.446112606975698, 0.193767479054256, -0.187446623595735, 0.676476204253009, -0.712210438270881, 0.448805144070625, -0.585972257855939, -0.674692860254915, 0.309447810134646, 6.872636905568596
26.543756209183066, 26.294453043093274, 22.950235730757413, 0.320814249053810, 1.476704325295354, 1.073584742487869, 1.267228302946785, 0.946939105976268, -0.285729468665978, -0.147190353993473, -0.295985750255846, -0.953732135827075, -0.052796294720452, 0.125294713449331, -0.093561123478627, 0.987698107194231, 0.320814249053810, 4.509346217833264
23.887614948785398, 25.076194416026841, 23.715615162693155, 0.307479469862305, 1.347770117439512, 1.190019390892167, 1.102814083153750, 0.171927631681742, -0.943395599516869, 0.283629392476370, 0.985106395609978, 0.165379260239561, -0.047064738509131, 0.002505751908012, -0.287496857539040, -0.957778303216643, 0.307479469862305, 7.637466735984749
25.951557787969698, 27.725607513954500, 23.726367782956316, 0.328943747867647, 1.077555368920328, 1.484629877601491, 1.353726439905479, 0.186708967083390, -0.875748730743464, 0.445200990802879, 0.522710271796037, -0.295144583962279, -0.799789751320086, -0.831813520790307, -0.382039049259292, -0.402656716660097, 0.328943747867647, 3.397639696178305
26.293582201148730, 27.145899351527422, 25.412119131945804, 0.316238878381772, 1.436974641843967, 1.316568377750863, 1.017131379350330, 0.484297337512469, 0.863926704646527, 0.138154760601750, 0.804926363836672, -0.501852651790426, 0.316603008026758, -0.342855126371194, 0.042125584737905, 0.938443284078202, 0.316238878381772, 4.903109556484526
30.326577460489972, 26.146812393322456, 26.473393336109158, 0.356853029916173, 1.675996336544133, 1.228591314808859, 1.342800374148721, 0.935394402990038, -0.339916832256803, 0.097436430576100, -0.348411631755775, -0.838915476942260, 0.418126963258792, 0.060387463203785, 0.425061606940972, 0.903147819901355, 0.356853029916173, 4.752890885054205
21.400297339290525, 24.766689864755815, 23.663794606568992, 0.325187478572805, 1.031224407916840, 1.506882923576398, 1.346457167696156, -0.527794863218042, -0.844934069950884, 0.086712166371761, -0.392077371130639, 0.332923866400823, 0.857576255634456, 0.753463945658939, -0.418626464305546, 0.506995035454098, 0.325187478572805, 6.216896574252420
16.805963464389109, 28.214363660857970, 23.903441586925855, 0.474844468165157, 1.194462873643255, 2.527012991733378, 2.158230433854543, -0.243696138643282, 0.896837217428506, 0.369181794574774, 0.951847673842628, 0.148160745284354, 0.268392249063126, -0.186005907999539, -0.416810987129515, 0.889758620749126, 0.474844468165157, 2.891973036696124
32.130793760096331, 26.014414854005828, 26.399839580992637, 0.397546205998530, 1.993101144611655, 1.290815232773831, 1.485912419830702, 0.986153638162891, -0.115004915731717, 0.119477492841264, -0.065487034673123, -0.931973363697075, -0.356562894380333, -0.152356326510633, -0.343801568810702, 0.926600254184881, 0.397546205998530, 4.243400281930396
19.025065973656698, 25.378029413716984, 24.251713013885251, 0.358366962741457, 1.620226955409170, 1.425074160880216, 1.212814478305475, 0.507510043218308, -0.855808852282266, 0.100123745374728, -0.279478099156848, -0.273415975525068, -0.920399748163455, -0.815061683631507, -0.439129721930761, 0.377941184832754, 0.358366962741457, 6.118188966135366
23.296538280610349, 20.846879386871478, 23.111115925441805, 0.390914783161775, 2.411465730084671, 0.850690741265610, 1.771810522047966, 0.997628956763380, 0.052949306188023, -0.043964026219350, 0.036716275769038, -0.949786157691872, -0.310738104761168, 0.058209790592827, -0.308387135968927, 0.949478274974221, 0.390914783161775, 2.424683826083714
23.375325208397506, 24.419574101345759, 23.936348901883719, 0.309076028703057, 1.415428334106764, 1.075213511910880, 1.180421647870760, 0.961285558487529, -0.275163121832013, 0.014674175512794, -0.205868468598316, -0.752561961271675, -0.625514722515716, -0.183161810103263, -0.598277319334930, 0.780074355743801, 0.309076028703057, 7.766412536499393
31.543343761760894, 26.712566394603066, 24.961422157356889, 0.381918745229289, 1.323916089474957, 1.656330285596085, 1.545714621802418, -0.279018016422230, -0.950225282656688, -0.138639311567182, -0.792571708670787, 0.146358690664199, 0.591953731537973, 0.542198333754792, -0.275047352045206, 0.793958387452672, 0.381918745229289, 4.723719818616951
27.286548233604055, 26.152670109261791, 26.439036555226433, 0.317657631395447, 1.081477423829932, 1.285602021802692, 1.402741575149657, 0.331986118085465, -0.930564098059950, 0.154388072079468, -0.919659010493207, -0.282905292457698, 0.272381900863620, 0.209791615221388, 0.232411391505011, 0.949722287451182, 0.317657631395447, 5.785189839865987
26.215841077012460, 27.375407432865199, 25.583731742507108, 0.319523547964727, 1.445335455515500, 1.263009049041191, 1.087319770886486, 0.885236178307427, 0.458864492625907, 0.076159608867374, 0.413714533008990, -0.851572173206055, 0.321970680339483, -0.212596316508108, 0.253511757574053, 0.943681405443012, 0.319523547964727, 4.342403841958102
23.367195111603962, 24.218501692645990, 24.987723362554163, 0.306618984329807, 1.377630363691734, 1.159305854284676, 1.098222104320680, 0.759652569960944, 0.647226096329570, 0.063453551372009, 0.536415281157597, -0.568435425380356, -0.623810719139444, 0.367677330131122, -0.507916870563127, 0.778995400182190, 0.306618984329807, 8.093919080871510
20.255335945751185, 22.038363657266373, 25.197254083245458, 0.366243174773487, 1.688790235720120, 1.211883622420825, 1.460480585490192, 0.906938427282338, -0.397126058856441, 0.140547438595625, -0.353120820589014, -0.898604669269873, -0.260413775428496, -0.229713680883794, -0.186549033081205, 0.955212585276852, 0.366243174773487, 3.141990077506010
33.303037799472570, 20.809729460690257, 22.881683709081081, 0.570628043443699, 3.780530718037587, 1.293396342769178, 2.312058016174831, 0.986939785154563, 0.094551674536162, 0.130421782388808, 0.119730763246004, -0.972200510494174, -0.201223039752900, -0.107770148054066, -0.214210523171191, 0.970824107112678, 0.570628043443699, 1.954664698273381
19.057877892084903, 23.281015732560565, 24.097049260673110, 0.368985958985146, 1.666562182065955, 1.245698954800473, 1.472375872172524, 0.998686952595855, 0.034869119072270, 0.037530191178952, 0.050987935812264, -0.747500282613828, -0.662301712132660, -0.004959951250696, -0.663345665567638, 0.748296683713231, 0.368985958985146, 4.259772350881404
23.453112035583192, 24.514414993882554, 24.957339389263488, 0.305329553008976, 1.295826728701967, 1.215077717333781, 1.099966171809421, 0.496192081233579, 0.861514142614529, 0.107642002007783, 0.309104328241140, -0.291150672625680, 0.905365009315142, -0.811324801040670, 0.415962339526992, 0.410764408525798, 0.305329553008976, 8.608672070157370
32.938807618726841, 23.304883349780411, 24.038105529153924, 0.425359051460785, 1.435765403300215, 1.883897599094901, 1.731211201502497, 0.315445829011699, -0.874787911972636, 0.367749966724237, -0.841718449177061, -0.436885035222735, -0.317240473952161, -0.438182588967299, 0.209469747374137, 0.874138686743088, 0.425359051460785, 3.387425385175376
33.071247736401133, 25.788942103307079, 26.508204723649285, 0.425927626894886, 1.865422617211517, 1.691048932464669, 1.490382741754488, 0.905855361645113, -0.416291360820228, -0.078278775445485, -0.423257949177483, -0.882277015429259, -0.206009651480971, -0.016696473785615, -0.219747061303859, 0.975413992523915, 0.425927626894886, 3.830976334401053
24.081221348750038, 23.036831839235294, 26.233091849709197, 0.317442931662948, 1.403054529578881, 1.101205715614876, 1.259730866267093, 0.886495028362851, -0.420664570971859, 0.192789738878938, -0.440782904742144, -0.894464981356675, 0.075118759399241, -0.140843869497487, 0.151570827851750, 0.978360510532447, 0.317442931662948, 4.657850301152291
31.645706413727765, 24.090676526558198, 24.927707925752248, 0.376566696147515, 1.730439876228423, 1.326321978533498, 1.415611353399567, 0.983077150620971, 0.140498592548104, -0.117556205361322, 0.154004791154136, -0.981354201910941, 0.115006324579606, 0.099206049354474, 0.131164308726653, 0.986384348967347, 0.376566696147515, 5.597979194444012
30.069860770560808, 25.880375240472851, 22.412633800184825, 0.367903930605266, 1.770950235670096, 1.364055990603654, 1.254262743768898, 0.871411697062515, -0.363459711209211, 0.329452109646219, 0.114580385266834, 0.803823328879997, 0.583728867934749, 0.476983217246405, 0.470919413781166, -0.742106404897082, 0.367903930605266, 3.113120720248399
26.921617026056225, 23.496708116935910, 26.509871391477315, 0.318964350574886, 1.103317674819322, 1.394678618604457, 1.283144345259572, -0.288570418669199, 0.786741586958658, -0.545678283257503, 0.411319704339572, 0.616517897499546, 0.671358162894253, -0.864605814398151, 0.030714123990622, 0.501511144737979, 0.318964350574886, 4.964082671550814
24.877252881788106, 23.591241500082262, 23.750103648214996, 0.310642583638050, 1.068234181318718, 1.319488724467649, 1.294000990826138, -0.157162501525545, 0.974506516706834, -0.160115573915047, 0.750000420251675, 0.012297327990286, -0.661323026475420, 0.642494605219797, 0.224021928882445, 0.732812975897156, 0.310642583638050, 5.908357878898341
18.498265838908303, 23.842158795088469, 23.797963278047281, 0.378168806387121, 1.883528160746682, 1.332346515150753, 1.311268396159468, 0.892011945159848, 0.451254593934808, -0.026153033186897, 0.368992603538608, -0.693541450120866, 0.618744467044390, -0.261073070664026, 0.561577731411224, 0.785156865446058, 0.378168806387121, 4.686140992721242
21.919394383382603, 27.564271356033345, 25.697266248318364, 0.336268552737030, 1.449410866434642, 1.334603314754361, 1.196021112076455, 0.332446918946863, -0.929131468332308, 0.161844865959310, -0.338148102449519, 0.042768325109455, 0.940120593954372, 0.880417461714912, 0.367267729213964, 0.299965845031549, 0.336268552737030, 3.887330286570594
24.286561439632674, 25.057013737337513, 23.164255374956515, 0.310878890042120, 0.873289153053623, 1.364643884702334, 1.533981395779439, 0.854525636689232, -0.411542463042466, -0.316889156257835, -0.302763922694815, 0.101067701270101, -0.947691577927347, -0.422042584765223, -0.905769353021462, 0.038235268689673, 0.310878890042120, 6.391720233677962
27.164188107499971, 23.348949543517957, 23.790685224202171, 0.319366680382527, 1.434957920695163, 1.270861237995968, 1.086814206114590, 0.726380348500876, -0.644229073796772, 0.239458743391630, -0.420025561195190, -0.691874521618640, -0.587271806132087, -0.544012975262916, -0.326003906126800, 0.773156734391972, 0.319366680382527, 5.464473942034829
24.681692556052251, 20.765154501927565, 22.637452808042088, 0.401725292444956, 2.736094915678747, 1.636212002620550, 0.881131215909587, 0.972427447649740, -0.233163665249186, 0.004423151023552, -0.104362834960865, -0.418135335370162, 0.902369791157602, 0.208550372179823, 0.877950765431894, 0.430939898061446, 0.401725292444956, 2.392754987542167
25.612656588266507, 25.993126994763784, 24.929303325454693, 0.304315316219019, 1.369136577268494, 1.197161324887451, 1.046154374767281, 0.570106192589388, -0.733100957560186, -0.370866438486377, -0.765580372625199, -0.637838175650374, 0.083959244482453, 0.298103375060218, -0.236062380966008, 0.924883198069014, 0.304315316219019, 8.049320428350626
25.873400464490842, 26.593932369239312, 22.528482087959215, 0.327521087730616, 1.548828522093904, 1.151735036555413, 1.198355519418446, 0.913037967640094, -0.398857071139457, -0.085291889706473, -0.277382271433684, -0.453888617689383, -0.846784623281689, -0.299033016809076, -0.796804969571648, 0.525053421400135, 0.327521087730616, 3.512802771086776
30.639783124666902, 23.514734030465576, 25.156754127195775, 0.358890170147518, 1.161204352175005, 1.663662979696101, 1.455909823184122, -0.424068436709155, 0.665692838082799, 0.614018734496206, 0.782518368600466, -0.071957890496669, 0.618455386263338, -0.455884814169017, -0.742748347235143, 0.490401803513755, 0.358890170147518, 5.721521501208715
23.978305315484764, 24.702851674720272, 24.330211092284422, 0.304417833581585, 1.014749828653781, 1.347215976868175, 1.255561110187604, 0.166812083448621, 0.758070470922195, 0.630478302506385, -0.974266222833170, 0.225036286324799, -0.012806126796602, 0.151588442375790, 0.612117497669316, -0.776101226120109, 0.304417833581585, 8.829970567168084
32.099319860982177, 26.016190979828920, 23.556829009882328, 0.397546367083936, 2.005562878507638, 1.472769833472446, 1.294243517724956, 0.972837105818306, -0.195627442910518, 0.123765379340732, 0.009773980134942, 0.568879831421315, 0.822362576187887, 0.231284316060093, 0.798815148192840, -0.555339467499175, 0.397546367083936, 4.436480913994548
22.881058757252617, 25.847949806973539, 24.107768963380565, 0.311647287941235, 1.354860461470165, 1.203616527577901, 1.129356712950383, 0.496196812531483, 0.683886743393613, 0.534871615851949, 0.346392817867968, -0.720846081138769, 0.600327363224739, -0.796116033605080, 0.112604837894995, 0.594574983933530, 0.311647287941235, 7.799634708676029
27.976501538461463, 24.652639439468530, 26.740812924781036, 0.322839175721680, 1.452254473398535, 1.126546756103253, 1.251383830102431, 0.997770123823635, 0.065676315038730, 0.011891242487723, 0.050963166403672, -0.634623283894636, -0.771139444723780, 0.043099137753324, -0.770025914616984, 0.636555225525011, 0.322839175721680, 5.865858776577532
33.092296621159875, 24.186987795356604, 25.854008376465298, 0.419668412478370, 1.871886628485399, 1.630822356645189, 1.473182127709216, 0.851681455109133, 0.518882274582183, 0.073483904003591, 0.293727819185975, -0.356513220830123, -0.886917296939001, 0.434007681106498, -0.776955280886714, 0.456045857609525, 0.419668412478370, 4.425793374695086
19.530524716327974, 23.046294633058395, 25.307737999642978, 0.360355575811218, 1.258943292204529, 1.560561241809540, 1.449207416754540, -0.371362669889016, -0.761092597208094, -0.531815593874362, 0.134396556647666, 0.522681142465840, -0.841868154090565, -0.918709602090972, 0.384112589985858, 0.091816040211959, 0.360355575811218, 4.384116956794036
20.133120162216258, 24.090996248082600, 25.357518574242402, 0.339594993346015, 1.174625636076266, 1.504035845566500, 1.348807487967153, 0.638581558497324, -0.682564038487264, -0.355415146710274, -0.272167089639136, -0.632313466749679, 0.725330790111908, 0.719818496889661, 0.366450560281956, 0.589555186903270, 0.339594993346015, 6.171107183288310
25.017916029772920, 27.217794586234945, 25.488044592644222, 0.315429739425327, 1.572884051543723, 1.084854667076561, 1.119085928203709, 0.703904051549507, 0.688830232336248, -0.173297424192571, 0.300925340221333, -0.068204152510013, 0.951205620879663, -0.643399584880860, 0.721707076728490, 0.255295651304825, 0.315429739425327, 5.401815606194634
15.282715743565888, 25.872338638003683, 25.760084567673687, 0.479023422277207, 2.223522368954457, 1.597827943583022, 1.882445997760458, 0.959150170946770, 0.215181001553052, 0.183652079060947, 0.249891501267852, -0.340135711903278, -0.906566012534195, 0.132609151897152, -0.915426039644206, 0.380013129739542, 0.479023422277207, 3.571678366594984
22.118790918865486, 24.267535969938979, 25.859240744152295, 0.316659485557805, 1.075848032682054, 1.263568125057485, 1.421188575248244, 0.913092870443367, 0.403072308093279, -0.061596464134305, 0.396524122376745, -0.912965940215368, -0.096238310355188, 0.095026471674181, -0.063450031166472, 0.993450584189335, 0.316659485557805, 7.033507068674003
23.037163710174237, 26.044725776372022, 23.366753232588348, 0.317214756511958, 1.425089416275314, 1.312906766414462, 1.038025299711072, 0.475136923769423, 0.879801026661951, 0.013966286389263, 0.345563301228276, -0.201171713664318, 0.916578390791304, -0.809216231000803, 0.430674000963535, 0.399611056377218, 0.317214756511958, 5.575752799694181
21.503410295139545, 25.150831440107186, 25.577453421342661, 0.319670479209370, 1.428623625956146, 1.220819322813159, 1.139625523901004, 0.973978421620577, 0.181189573708016, 0.136148347757132, 0.074184994180618, 0.312758306305006, -0.946931269140293, 0.214155599637066, -0.932390787286496, -0.291178294052557, 0.319670479209370, 7.893756920578035
18.721125591292491, 21.879939771345541, 26.828628300034232, 0.423479284840271, 1.159129994468273, 2.100991994693957, 1.897421271424701, -0.208191823857573, -0.969869780119781, -0.126525784286311, -0.873498654731380, 0.126164978432954, 0.470194107150952, 0.440063932470415, -0.208410671097765, 0.873446465166156, 0.423479284840271, 2.510960238097474
13.431134434138999, 22.692794294477750, 23.740061432751965, 0.627180692148922, 3.565180860019018, 1.797526590059749, 2.342313083328106, 0.871000356658518, 0.415337200966522, -0.262399291527299, -0.252610632354150, 0.836719737835832, 0.485888823433481, -0.421362370320808, 0.356924487544958, -0.833701783054588, 0.627180692148922, 2.330642715549168
29.441694309984214, 22.928526853460642, 24.215327757191602, 0.346760460146457, 1.541418800650831, 1.426275742134050, 1.153953630684600, 0.395771979231350, 0.915445062175808, -0.072971765726411, 0.594026602644282, -0.194594575472129, 0.780554512220456, -0.700354864198280, 0.352268774282866, 0.620813800474068, 0.346760460146457, 4.787881847857707
26.089516935608344, 25.708807086621977, 24.013501590527088, 0.306779592175778, 1.043004122630073, 1.350494019595760, 1.247166683564580, -0.641504657672466, 0.631379431598176, 0.435696898702867, 0.327730725465125, -0.287953389731486, 0.899819658002786, -0.693588023087650, -0.720029762368829, 0.022198998456106, 0.306779592175778, 7.496232855076616
28.687607567069410, 24.685694413462677, 25.647663564205544, 0.322780880443042, 1.470091361962442, 1.222872494255372, 1.138208165819622, 0.392516083653347, -0.914778488185016, 0.095453871725428, -0.448731563446940, -0.281062170941959, -0.848318360070002, -0.802851859336393, -0.290145435289492, 0.520811403812137, 0.322780880443042, 7.809517050126759
18.051094905518966, 25.442292899509496, 22.078569142489044, 0.415809148446082, 2.260356894153289, 1.463285259031240, 1.322512849784813, 0.984079983474635, -0.148403568893928, 0.097790423171743, -0.177071679795170, -0.865870195804021, 0.467882917226974, -0.015238318118490, 0.477750127951685, 0.878363597209646, 0.415809148446082, 2.829861322403668
28.775248401279441, 23.864289344043886, 22.911692734562493, 0.339547548206650, 1.500959380209670, 1.319426412000359, 1.202739232790506, 0.979067933883409, 0.182226569520406, 0.090661227667048, 0.188544283632800, -0.644241702448439, -0.741217702119783, 0.076661815466802, -0.742796140395978, 0.665114170546811, 0.339547548206650, 4.226100602497729
24.933748660329865, 21.719678273658108, 25.260748525853653, 0.334482835936571, 1.690030310900824, 1.351347455768065, 0.996973883848618, 0.783157907216955, -0.616147572373094, -0.083820411728301, -0.139042160551932, -0.042134249076206, -0.989389702111274, -0.606078352981369, -0.786502939672528, 0.118668260010262, 0.334482835936571, 3.327023943346116
24.114313083423383, 23.623342475149112, 23.668049201710819, 0.312379005972233, 1.318671827460561, 1.210604253354012, 1.161797362647190, 0.724956964910346, 0.672156863696952, -0.150474415144421, 0.671235488093616, -0.640399874382079, 0.373270572661631, -0.154532580874403, 0.371608868942190, 0.915437889740097, 0.312379005972233, 5.974588795169713
31.212469564092356, 23.691338412831612, 23.184321668181568, 0.382544167049678, 1.731311521252339, 1.498788154857917, 1.312662490818830, 0.760649918484495, -0.457152582362357, 0.460893933512864, 0.537137696464763, 0.044523832472533, -0.842318659046852, -0.364547385871932, -0.888273125103640, -0.279420934563884, 0.382544167049678, 3.877805932754115
22.032398413262371, 24.490273865605438, 25.989928917885759, 0.317268225139526, 1.041702449164724, 1.269134123154170, 1.469779970269603, 0.586311398688173, 0.685382898863217, 0.431843983070474, 0.587793233088758, 0.006892591990879, -0.808981833733436, 0.557438838710924, -0.728150241448494, 0.398822224775797, 0.317268225139526, 7.157786711792659
15.430996476650094, 22.604689084605130, 21.582381184770632, 0.586632804618023, 3.591777746954802, 1.435175470715456, 2.382914010819301, 0.958632464776985, -0.248664404620047, 0.138527294604923, -0.017886797654812, -0.538326252624256, -0.842546680134211, -0.284084247971016, -0.805214790978458, 0.520504832296742, 0.586632804618023, 2.190160358670846
29.491203112018077, 23.747232291592258, 24.704238775200331, 0.336358315541196, 1.491069193930840, 1.319790607796357, 1.176596275946902, 0.389806531577535, 0.855351637228595, 0.341210264543513, 0.005291173059617, 0.368433150956561, -0.929639186331919, 0.920881572965354, -0.364184829402025, -0.139091835153157, 0.336358315541196, 6.998708605394282
23.035896982268959, 27.278569403216661, 24.497153294659824, 0.321868092992082, 1.511133623360084, 1.301213373396530, 1.031825335672880, 0.960361491569982, 0.267362044247245, 0.078888166447279, -0.086536217537315, 0.554960078619381, -0.827363761711319, 0.264985449720950, -0.787741612735233, -0.556098788886904, 0.321868092992082, 4.384133013795518
31.133319868937402, 26.235346071238101, 25.996432452615043, 0.370365441813729, 1.215881198809141, 1.581212240603147, 1.607806769589928, -0.132070708860509, 0.970685528539209, 0.200815668078067, 0.948842252542691, 0.182417035292987, -0.257725445046914, 0.286802558654548, -0.156504408626322, 0.945119390569112, 0.370365441813729, 5.105327006733770
25.766442345662121, 24.508437445312651, 26.037964517724649, 0.305468729947686, 1.449201168015418, 1.088499938031279, 1.099428491552949, -0.362370354124099, 0.882062345669627, 0.301087603205064, 0.093100500508225, -0.287171539793309, 0.953344011119731, -0.927372645303436, -0.373495013466759, -0.021942006707963, 0.305468729947686, 8.161789802921920
17.988347335573586, 22.437098711119681, 24.540825512450212, 0.409422915764141, 1.402314957676105, 1.804847676223459, 1.649886668343950, -0.360910683344721, -0.907182403718896, -0.216248849778337, -0.817921487584555, 0.419304377352076, -0.393939436056935, -0.448049013831205, -0.034697629835403, 0.893335410519862, 0.409422915764141, 3.304225795382105
27.495421378358834, 25.543855200601655, 25.457880875468550, 0.311572469119464, 1.026031654906783, 1.413968742028139, 1.268529154805500, 0.300033546608983, -0.929429011011727, 0.214805922634826, -0.636569583040265, -0.027365278879456, 0.770733616406988, 0.710463958872777, 0.367984857027586, 0.599856739681408, 0.311572469119464, 7.738200703293403
22.064918557474257, 26.275366672117883, 24.434491918493947, 0.318724738684473, 1.363144452656672, 1.222385709776844, 1.182281707815795, 0.733114164613481, 0.554405951845004, -0.393925960304615, -0.650241370252098, 0.401621219347072, -0.644892670591661, 0.199323310367231, -0.728926907672509, -0.654931890516291, 0.318724738684473, 7.116504335787893
23.791734186843897, 26.761804030225360, 25.237239970262952, 0.311628781454845, 1.492025179938769, 1.195680200299535, 1.032155873034110, 0.802757382318196, 0.479822357890205, 0.354049558681157, 0.135965005835610, 0.430814738075569, -0.892139102744074, 0.580598055733706, -0.764309601094716, -0.280600661711045, 0.311628781454845, 6.366115960727017
32.534003644747216, 25.439295057557672, 24.412213690623446, 0.399047230863305, 1.944869960746704, 1.639355565781145, 1.212643016470489, 0.882868289124987, -0.444171576005766, -0.152496541357741, -0.383785779536204, -0.869547139496097, 0.310799368757314, 0.270651176763206, 0.215868902954341, 0.938162329905642, 0.399047230863305, 5.197635804164468
24.544836660710974, 25.592122544720215, 22.265042017528121, 0.324128619684545, 1.626923828011714, 1.332950934509944, 0.955420487240818, 0.950960982697510, -0.307292489768788, -0.035277969310689, -0.301941805396216, -0.897500234045767, -0.321441248196101, -0.067114495759564, -0.316329979008460, 0.946272153684894, 0.324128619684545, 4.059626416254484
24.365720635186932, 28.461987585879950, 30.684807969068281, 0.613320498682720, 5.241011851658399, 0.958822301364475, 2.793398950112000, 0.999038987079953, 0.027572678024894, -0.034071244779091, 0.014393737554042, 0.527843656459786, 0.849219579763908, -0.041399548469598, 0.848893881331288, -0.526939517995010, 0.613320498682720, 2.630714912750911
23.076410739532228, 26.162534885378555, 25.838894985576527, 0.311921455444160, 1.371503682378020, 1.124554832378303, 1.197241949818587, -0.212655163070761, -0.932361222268280, -0.292370198258554, -0.277449749318803, 0.344514484547777, -0.896845252281414, -0.936909503752780, 0.109600735158017, 0.331946171284655, 0.311921455444160, 6.801536418206497
25.655272246087307, 23.006188248310064, 23.685444849481211, 0.317718896560266, 1.393811846933863, 1.290705515528284, 1.084729904043351, 0.505795485316597, 0.842835129681045, -0.183847412842509, -0.748155441551876, 0.322487108758887, -0.579884040098235, 0.429458219515782, -0.430849171822193, -0.793684212285003, 0.317718896560266, 5.017750656400009
22.802082247602531, 26.623645556617397, 22.851869629242959, 0.329685406588582, 1.146576677588070, 1.311559569617752, 1.449879270637907, 0.613576509602991, -0.659300750454953, -0.434564595098296, -0.607622179512541, -0.745686764107184, 0.273398128742289, 0.504300658167168, -0.096300416846929, 0.858141640923728, 0.329685406588582, 3.809833986922218
22.030690423086561, 27.270661592369940, 23.858875725500138, 0.333046366712628, 1.577272799960218, 1.296591622746852, 1.099076365894288, 0.947685193507251, 0.296021055847119, -0.119433280547260, -0.063365094492457, 0.541169822641268, 0.838522562524337, -0.312854021561312, 0.787087515818651, -0.531616030265584, 0.333046366712628, 3.974689584365555
24.853527982125403, 24.710594516928584, 24.562851717362165, 0.302172026919963, 1.320388269079532, 1.195791656858024, 1.063235309544177, 0.793951252299754, 0.519456643903271, 0.315921199156375, 0.466303226804560, -0.186839004323024, -0.864669004379847, 0.390131656807426, -0.833820113434745, 0.390565370697867, 0.302172026919963, 9.534395105503867
30.886160271985830, 22.587369866160994, 26.555150447741227, 0.388179698001531, 1.740968727516535, 1.405963951059330, 1.453975510329833, 0.856517002816914, 0.515320895634649, -0.028687948825831, 0.410362162543067, -0.646246317342730, 0.643403911142866, -0.313019998464168, 0.562858838291861, 0.764989155948128, 0.388179698001531, 3.162055494997735
27.323211994330318, 22.747312140809530, 26.292162779702764, 0.328663169905885, 1.702108964264086, 1.236286668333114, 1.026526978625047, 0.880542633377804, -0.393518081807352, 0.264174544751654, 0.114274770382091, -0.364660187748017, -0.924101847377063, -0.459984725461838, -0.843899559640982, 0.276129653567947, 0.328663169905885, 3.993733411187565
19.854435158503424, 27.985861606798451, 26.455093998235942, 0.383524403047206, 1.948610513093929, 1.434421072564940, 1.228007738805767, 0.998080579340746, 0.057402676492548, 0.023239833784549, -0.003008428034066, 0.419767042733744, -0.907626894266213, 0.061855529288863, -0.905814861086999, -0.419134025021037, 0.383524403047206, 2.988187084850284
33.325247033952209, 25.803595570474499, 25.616490838959685, 0.426266444220760, 1.613415746038161, 1.685941788248436, 1.732520436135186, 0.917488947806331, 0.359233997805927, -0.170777532110060, 0.396866654569906, -0.797977286942227, 0.453573707367185, -0.026662504453294, 0.483924771369159, 0.874703336286986, 0.426266444220760, 4.260917235871388
31.203631194176612, 25.640446310034971, 24.695524529680370, 0.364847563144991, 1.703467207523757, 1.202381987428365, 1.442719508200575, 0.733263565103133, 0.674172724123737, -0.088406346716863, 0.342396603914098, -0.253780201106355, 0.904632618887087, -0.587442856557414, 0.693604172114036, 0.416922226207320, 0.364847563144991, 5.915890518568007
25.864123377201764, 23.724275150588209, 24.379427756901453, 0.307568384448946, 1.388531016325500, 1.084460772143958, 1.175653756455640, 0.842267720135634, 0.458422886756440, -0.283608082598881, -0.280350778640090, -0.076851328022033, -0.956816238520827, 0.460422119943663, -0.885405178592909, -0.063789820406092, 0.307568384448946, 6.803796332030778
26.181127447841419, 25.067459675268946, 23.874626998348287, 0.306621335482710, 1.466035161204245, 1.153505347868751, 1.037210507067208, 0.829863324546121, 0.475947783973331, 0.291205373412195, 0.460802237933229, -0.878896065131407, 0.123300463146976, -0.314623839034789, -0.031865555501295, 0.948681414534724, 0.306621335482710, 7.310501740681980
42.137692735012465, 27.494706909722073, 25.904210536954430, 1.480788903315614, 8.682690920350051, 4.110676113913335, 5.535229682541246, 0.997318472758572, -0.044959319810119, -0.057745332770018, 0.005600255800087, -0.739847212906270, 0.672751617381778, 0.072969178626885, 0.671271004227828, 0.737611508758833, 1.480788903315614, 1.992832234456739
32.065427684326337, 26.222293751827902, 27.253461242494815, 0.411290750148635, 2.031991006453775, 1.513209163707871, 1.376733489727759, 0.998427169362686, 0.055967884571136, -0.003283804964666, 0.035184226193926, -0.579906186393105, 0.813923144535244, -0.043649257789207, 0.812758519413754, 0.580963278886725, 0.411290750148635, 3.287735002713175
25.818852231523074, 25.432164608959162, 26.199926046348718, 0.306316158336516, 1.338681141030948, 1.162239256538479, 1.123985809501818, 0.451056536521811, -0.890851342143899, -0.054146902601736, -0.882481899814999, -0.454236842199505, 0.122043384448037, 0.133318030888015, 0.007264804817454, 0.991046681671003, 0.306316158336516, 7.279354087071662
28.628776720956068, 24.862710487985780, 28.981705146083513, 0.380839050570476, 2.058733896765885, 1.517130854543425, 1.076031435479065, 0.988235936474225, 0.134359999187399, 0.073055625924864, 0.143026686511069, -0.981094928954755, -0.130369119521948, -0.054158109333469, -0.139284353025118, 0.988770331369119, 0.380839050570476, 2.568332116862386
23.344083249130851, 26.539325371254854, 24.145080640087041, 0.313495071594664, 1.312864870810248, 1.239626226424193, 1.151874498129933, 0.848175239812076, -0.529699286080292, -0.004174792899772, -0.041161032264142, -0.058047197155050, -0.997464932880045, -0.528114127810152, -0.846196897434912, 0.071037164772047, 0.313495071594664, 5.894320157036328
14.181694935918189, 26.017055142273520, 24.341504901174790, 0.536296521430043, 2.688550258287987, 1.976557740469819, 1.766082831738235, 0.900146225646176, 0.429731649977134, 0.071186244899378, 0.433262321898572, -0.866438574729201, -0.248128911343054, 0.044950337907540, -0.254194620771489, 0.966107945259140, 0.536296521430043, 2.913117186743559
20.549872241133805, 24.679685995936040, 26.038036312790343, 0.333722887821736, 1.455099787028932, 1.345131639041913, 1.155378303555375, 0.976788588002222, -0.213612352153452, -0.015931646371150, -0.092918671956276, -0.489553923538865, 0.867008117810661, 0.193003043371102, 0.845403287759855, 0.498039261800031, 0.333722887821736, 6.350990138907640
28.539360793465676, 24.121903435975458, 24.967235059734737, 0.321808251278865, 1.417929947192911, 1.247592723109505, 1.146272073524927, 0.739697820261731, 0.658979295539213, -0.136357701471856, 0.663409641460487, -0.680115411758992, 0.311978643988921, -0.112848492756057, 0.321230936770635, 0.940253105788089, 0.321808251278865, 7.797644882686285
