xis_x,xis_y,xis_z,local_bandwidth_mbe_breiman,eigen_value_1_sambe_breiman,eigen_value_2_sambe_breiman,eigen_value_3_sambe_breiman,eigen_vector_1_x_sambe_breiman,eigen_vector_2_x_sambe_breiman,eigen_vector_3_x_sambe_breiman,eigen_vector_1_y_sambe_breiman,eigen_vector_2_y_sambe_breiman,eigen_vector_3_y_sambe_breiman,eigen_vector_1_z_sambe_breiman,eigen_vector_2_z_sambe_breiman,eigen_vector_3_z_sambe_breiman,local_bandwidth_sambe_breiman,scaling_factor_sambe_breiman
26.461535610762581, 26.932938102861382, 23.340468563848678, 0.371474975948943, 1.259249334026127, 1.512271836423138, 1.657134890693095, 0.895899703555716, -0.350236484880417, 0.273309578733331, 0.425518723757691, 0.853293003146580, -0.301371641852242, 0.127661806741122, -0.386297107728881, -0.913497130624882, 0.371474975948943, 6.152821360376301
21.391214704119825, 24.524298271889212, 22.997675897592966, 0.404926114203975, 1.419134364840603, 1.799675885734513, 1.600369658888761, -0.913095689636712, -0.322632218042341, 0.249328525138896, -0.402502959879295, 0.615467321030048, -0.677636586993724, -0.065173835664818, 0.719102516074847, 0.691840980659255, 0.404926114203975, 4.497079470101811
23.496332726593025, 24.196014689270388, 23.181749637697383, 0.363111361999107, 1.512937882539697, 1.415823343327617, 1.375941961584219, 0.952674806151999, 0.292878485201493, 0.081442658535498, 0.045900235509146, 0.126251825172679, -0.990935742124974, 0.300506043372602, -0.947777753245267, -0.106833741626407, 0.363111361999107, 6.437950484346624
28.327833072990153, 29.239337075410450, 27.635831251601029, 0.508557900475570, 1.590395032356748, 2.126625547130575, 2.394065040591752, 0.496755775715803, -0.653138154924497, -0.571527995705211, 0.519799103614865, -0.303452026370134, 0.798577334747889, 0.695012655405766, 0.693777643250115, -0.188759080714392, 0.508557900475570, 2.590255934611839
27.183831275057479, 25.796859488978651, 26.579945635154587, 0.369154791624783, 1.540845311021456, 1.446381167041736, 1.389615008565244, 0.852695802766986, 0.515891442955092, 0.082255012183326, 0.345748883832573, -0.439271600171340, -0.829155094425307, 0.391621727272754, -0.735456647511342, 0.552933940321338, 0.369154791624783, 7.111167265347218
25.023478760096911, 28.993327823384572, 25.283784066452050, 0.400174737158359, 1.789378799558661, 1.409480560334086, 1.564222011087808, -0.837412646159509, 0.424059098228755, -0.344839007743532, 0.235697836069609, 0.849410623022675, 0.472173827703671, -0.493139523993192, -0.314126526587054, 0.811257009319562, 0.400174737158359, 4.618479087524418
24.026967077699947, 29.135079405204522, 26.503296777596510, 0.419043453736994, 1.430928117250198, 1.743086116796324, 1.816148205482740, 0.109934938457593, -0.872496732626208, 0.476092176855405, 0.852007489027122, 0.329394805767384, 0.406918051424567, 0.511856960437215, -0.360899589207386, -0.779585748049511, 0.419043453736994, 3.741730871491368
26.512550829744537, 26.289296261153122, 24.534229822898990, 0.357134294781846, 1.251635188173797, 1.539018131914013, 1.455740398599779, 0.888159540980262, 0.459463925707108, -0.008095105900702, 0.291469757215266, -0.549627195438167, 0.782914635617223, -0.355271741621261, 0.697712581948031, 0.622076476485655, 0.357134294781846, 8.045070222943583
23.152027248332857, 24.779853462828275, 23.516417450099254, 0.361315287241475, 1.564874051368472, 1.319933645829833, 1.405847742875835, -0.616479437529026, 0.696911884585345, -0.366424519140845, 0.256717179331294, 0.617853368920271, 0.743204887194679, -0.744344942174044, -0.364103061834936, 0.559803150600588, 0.361315287241475, 7.440888275365682
25.712696698289555, 26.915931493417158, 23.544262518288740, 0.363419521963018, 1.309377205298791, 1.403012729494646, 1.608455820249894, 0.469083933389655, 0.882279273587766, 0.039287998589058, 0.124737060528074, -0.022147988621167, -0.991942605361244, 0.874300251153176, -0.470205008477665, 0.120442188771268, 0.363419521963018, 7.225225292775540
26.431377606894898, 21.384376368291811, 24.945605132214865, 0.397875174941230, 1.365492168487625, 1.583406210219221, 1.793369320118586, 0.509932733063916, 0.792046304138542, 0.335605810215558, 0.860125025786515, -0.463854200809451, -0.212189114723571, 0.012391439210687, -0.396865131363164, 0.917793288133219, 0.397875174941230, 4.455867532885045
21.720975519174143, 26.165136484435898, 23.712498958871386, 0.390552540821565, 1.816171801328007, 1.363918827201239, 1.480483991327618, -0.476070187732719, -0.879146151628340, 0.021429429045447, -0.263061312380051, 0.119114621626209, -0.957397750594668, -0.839139989680517, 0.461425780588738, 0.287976260700524, 0.390552540821565, 4.946962378372837
25.317416922806395, 24.285959952116158, 26.546327656468243, 0.353315747378947, 1.306529022032946, 1.400242518268764, 1.484148738042900, 0.882073857374280, 0.471004033009115, -0.010045448024206, 0.294625119189609, -0.568147606310458, -0.768377730407515, 0.367616307145599, -0.674806267259607, 0.639917770020327, 0.353315747378947, 8.820888675162545
29.616346377062488, 24.752823576150689, 27.281175532186825, 0.452850473400439, 1.486256733941976, 2.137525146866581, 1.799575931021545, -0.891008899007748, -0.450616501990942, -0.055207880075658, -0.153725894076370, 0.413891945341766, -0.897252365319607, -0.427166819146129, 0.790972961430829, 0.438052831181266, 0.452850473400439, 3.140605046178378
26.303524055662006, 24.106804817021910, 25.827470120701090, 0.354159730770085, 1.152396201054401, 1.601209691036058, 1.482034365833082, -0.798509540313642, 0.601737982791579, -0.017143922947130, 0.512468123707238, 0.694438746172370, 0.505105187063576, -0.315846380717080, -0.394545596706475, 0.862887498986660, 0.354159730770085, 8.468425603068953
24.643182944901589, 24.701034223883624, 27.409908412492268, 0.362395694719831, 1.588135296725232, 1.313983231455168, 1.404049869084978, -0.578296928540781, 0.765751183538837, 0.281421014405764, 0.814957787477579, 0.558136779390970, 0.155971600365979, 0.037635981054678, -0.319544144681052, 0.946823675522590, 0.362395694719831, 7.649149339190401
24.862199175705396, 24.760058107868538, 23.390915670291019, 0.352301630093620, 1.281307593070831, 1.376886821974455, 1.525819217599124, 0.759294948782017, 0.643643933582245, 0.095883614433791, 0.647164423532037, -0.762312331626183, -0.007623513960005, -0.068186433170832, -0.067840959703014, 0.995363358034649, 0.352301630093620, 8.492196473992864
23.931217635487712, 23.927456994075232, 26.387163325502190, 0.356481902480051, 1.495860930882646, 1.370602276598038, 1.360255711861720, -0.383771260090416, 0.889071370764189, -0.249543017566314, 0.872023997196504, 0.260019501056888, -0.414685431843896, 0.303798894405569, 0.376751850370524, 0.875079582095446, 0.356481902480051, 8.896797674446331
24.537349315302755, 26.968139879774441, 21.202919954761494, 0.411597335548094, 1.974032864700277, 1.625758229820098, 1.337574836726986, 0.784777532552425, -0.500596312924334, 0.365414225075446, 0.455080989905017, 0.865676926635297, 0.208577926249008, 0.420744004149788, -0.002605796966110, -0.907175668100823, 0.411597335548094, 4.064660933880294
25.865985469341798, 19.956405055439774, 22.713605190172043, 0.479294078921398, 2.149766913568421, 1.761470972289001, 1.789987886842165, 0.863871804554980, -0.499935419604454, -0.061563637967884, -0.380224116454794, -0.567035820401867, -0.730684610243950, -0.330386329258784, -0.654625812664074, 0.679933760621435, 0.479294078921398, 2.687461306714230
25.276650610532521, 24.709072006077427, 25.210085807611762, 0.345361374888484, 1.222635241610507, 1.475787699269976, 1.405436613860946, -0.615986232418800, 0.747415333402682, -0.248859962358453, 0.666202449642753, 0.662849366531200, 0.341767484379633, -0.420398926688078, -0.044732948525057, 0.906236009964163, 0.345361374888484, 11.638777438731948
23.026851537097329, 27.523613047257360, 26.109091832929327, 0.381435551086624, 1.833181476253302, 1.302660007129658, 1.430664267745409, 0.996328131118624, 0.064447034352526, -0.056363418143635, 0.050385489481156, 0.090892395339056, 0.994585277851665, -0.069221077652795, 0.993773189532045, -0.087311455009596, 0.381435551086624, 5.259879412991848
28.383904464893103, 26.236840896102937, 24.897802837122740, 0.388320626582561, 1.688097705016501, 1.583699910503835, 1.348378047594589, 0.327037757056800, 0.940165302971022, 0.095579854303424, 0.240289317356182, 0.015087350620271, -0.970584059118921, 0.913951502774495, -0.340384451672910, 0.220977545546092, 0.388320626582561, 5.027947380103718
25.493070107832164, 22.696994694095622, 24.217502848503770, 0.363505465617491, 1.244056911401853, 1.429490083524075, 1.662731812645938, 0.877663539736641, 0.457666770465285, -0.142294898815193, 0.313973605008920, -0.324714036408643, 0.892177880199296, -0.362115018156735, 0.827708838765832, 0.428684956412358, 0.363505465617491, 7.015659778187061
24.923431933025935, 27.451506073826195, 24.476277546789028, 0.363283012681285, 1.321788115842067, 1.402816951792089, 1.591780532677101, 0.590078473748388, -0.793897993176243, -0.146742533879945, -0.799215413496127, -0.548675878781834, -0.245376247573387, -0.114289621790378, -0.262070136554540, 0.958257338024237, 0.363283012681285, 7.766558252751144
23.369806584301919, 25.439515709510228, 25.793262317342165, 0.354273283883528, 1.175091827419893, 1.392983827058498, 1.672276530081708, 0.373134375018254, 0.894768441918965, 0.245275709204246, 0.913188712736253, -0.400898158759254, 0.073260093055813, -0.163881399526740, -0.196647150117537, 0.966681325587604, 0.354273283883528, 8.366755219155158
27.533643634632814, 20.635633350324241, 23.524437234534922, 0.459026455269579, 2.237447317826223, 1.503138788480072, 1.770402498605577, -0.551505430679343, -0.824167270114229, -0.128802448748663, -0.482501754172677, 0.441132635158701, -0.756699448538342, -0.680465882430179, 0.355176447797994, 0.640949197501735, 0.459026455269579, 2.781625327235654
24.515373698929601, 22.920106830642162, 24.600662650052762, 0.358543568120914, 1.604071853851746, 1.379825910526920, 1.282001282783227, 0.083348007771985, -0.978182456455117, -0.190295011715687, 0.661402984372442, 0.197136477963804, -0.723659658485432, -0.745385270758463, 0.065546097820229, -0.663403728657650, 0.358543568120914, 9.078712590267212
24.172112734429653, 23.985263315743619, 25.901726924720215, 0.351603312585734, 1.242801902209896, 1.548481892108480, 1.390469924113810, 0.978049152764511, 0.119636697932859, 0.170607488945660, 0.163523215581987, 0.066794421152166, -0.984275704906239, 0.129151123658869, -0.990568304465002, -0.045764849469680, 0.351603312585734, 9.492752594423157
23.961709357434920, 27.284793208145590, 23.764481493906683, 0.368202604859538, 1.775127891148879, 1.138704105279127, 1.520305271479222, -0.984579918496610, 0.172582168957435, -0.028596836383679, 0.012429593059197, 0.232073507729856, 0.972618831930754, -0.174493235712994, -0.957265523231621, 0.230640041455298, 0.368202604859538, 7.022022844692485
22.000322130002935, 26.066377171268861, 25.331943355197243, 0.376487558920029, 1.743748014107377, 1.293134476414723, 1.456918430855878, -0.370309429133587, 0.775007752724807, -0.512087795120330, 0.908251101587422, 0.417699951095899, -0.024631023521527, -0.194809812791838, 0.474225404286746, 0.858579875590548, 0.376487558920029, 5.873876577267303
22.989904230302809, 25.166780275228820, 22.591533262310904, 0.375597085806784, 1.686270279753277, 1.431042087007535, 1.351754473156636, 0.200504200577943, -0.703015583515560, -0.682324816260464, 0.656402630660738, -0.420625012321042, 0.626266864420900, 0.727278249373829, 0.573448941357642, -0.377124196576590, 0.375597085806784, 5.952580950638135
25.535723337275900, 24.173099453985991, 27.174656135074116, 0.361649997883011, 1.221405615725001, 1.573382745369704, 1.515241550069119, 0.955898434543901, -0.277226799859246, -0.096971564266647, -0.176876855186604, -0.806980824701321, 0.563468301383203, 0.234462706919066, 0.521466441877305, 0.820426711571489, 0.361649997883011, 8.135168001350340
23.036306696292833, 26.563862303439034, 22.627034826033125, 0.382904257749570, 1.219231639673218, 1.718607249721832, 1.649371509982874, -0.101571426387554, 0.964573547490436, -0.243477138194353, 0.119919711834922, 0.254829625897782, 0.959521299648020, -0.987574051934854, -0.068262238803831, 0.141554790446886, 0.382904257749570, 5.496397925038570
24.502526281665912, 23.079396698914195, 25.113937227141598, 0.356227811422732, 1.473098701383956, 1.400909609632817, 1.348504104761458, 0.191002238724476, 0.980840795898717, 0.038333769746899, -0.015042406354857, 0.041972948554996, -0.999005504289469, 0.981474335279988, -0.190235655675716, -0.022771132961202, 0.356227811422732, 8.597209859368634
20.987981381729057, 27.966058401875706, 22.843074463941797, 0.469652636915874, 1.490401453440524, 2.171231418041666, 1.970750660716370, -0.470065162219858, 0.865971945446503, -0.170679034936393, 0.641022818039616, 0.467876512534459, 0.608425275421018, -0.606735931043950, -0.176590369834234, 0.775040225576737, 0.469652636915874, 3.038415491203768
21.918511688976132, 24.302400215343539, 23.121053554868087, 0.389062220508583, 1.361725042523910, 1.579670897855139, 1.685434608750302, 0.978754444444214, 0.205027715905120, -0.001836625009937, 0.053108778465678, -0.244856698451645, 0.968103638498092, -0.198038367824473, 0.947633279773399, 0.250543353404813, 0.389062220508583, 5.202494151479771
25.546592184185187, 28.133502302686797, 24.082358412652709, 0.379478414384840, 1.671255146316295, 1.497552945453706, 1.344147888633460, -0.602246587647846, -0.604652994186779, 0.521242558016408, 0.724256998414386, -0.139202244391329, 0.675332907094124, 0.335783930399163, -0.784230509338536, -0.521758239329587, 0.379478414384840, 6.414548154247750
24.678946451626079, 24.145765127012066, 25.803876275651024, 0.348924959662024, 1.599498132802573, 1.233115486650100, 1.325926306289124, 0.748068810784524, 0.641510671641910, -0.169873813464505, 0.102185661230598, 0.141575988752853, 0.984639187747227, -0.655706599761123, 0.753936534184541, -0.040355389373776, 0.348924959662024, 9.300631730233599
22.902836048392139, 25.968458824842198, 24.092286703102875, 0.362671681995875, 1.314376018995325, 1.459109342269480, 1.531243436850655, 0.237065502586051, 0.873410510968703, 0.425386914247501, -0.322207368276949, 0.483772289355948, -0.813724021938241, 0.916505515156164, -0.055843096087992, -0.396105023078024, 0.362671681995875, 7.007743353722077
24.199232583527550, 26.243170344784051, 26.995632280216789, 0.362594176342608, 1.307865792245766, 1.512793256013075, 1.483305062155871, 0.024241980651165, -0.992726080681685, 0.117929025725182, -0.706585640697693, -0.100464323075618, -0.700459600654305, -0.707212173773853, 0.066346428112898, 0.703881447931910, 0.362594176342608, 7.841255491348236
25.450522856934146, 26.209206497167955, 20.934654830090601, 0.410770985420110, 1.760999119496655, 1.623496617992032, 1.492449064832228, 0.498837012723439, 0.860548846616326, -0.103040367451145, 0.838949203578632, -0.509284110234311, -0.191817436323254, 0.217545095444450, -0.009240002714173, 0.976006533686075, 0.410770985420110, 3.877004889840201
23.839703869367494, 23.314665578674987, 25.307883810529997, 0.357103322563973, 1.276006032680384, 1.419728969021413, 1.547512860763996, 0.700635092354567, 0.708004416216480, 0.088544982801222, 0.551612220907439, -0.616178660780485, 0.562181301489413, -0.452586373090121, 0.345041453475853, 0.822260281344296, 0.357103322563973, 8.250082544309684
23.660093781831872, 25.073990932904820, 23.090037357072177, 0.360786411644715, 1.234503992634490, 1.589557920552445, 1.473304197701306, 0.247650511459174, 0.963808676844983, 0.098701867319385, 0.810892190914894, -0.150444097200369, -0.565526682244799, 0.530210410014037, -0.220089545539742, 0.818802487207298, 0.360786411644715, 7.561312470661400
24.102670828500006, 24.291937234828236, 26.334723468280629, 0.353353703932800, 1.318716793073096, 1.411449386560042, 1.459227023637467, -0.369952224084380, 0.752822550347684, 0.544420388654787, 0.254894326609647, -0.481263077165049, 0.838698237043481, -0.893400377298574, -0.449047946488609, 0.013845851260527, 0.353353703932800, 9.374500263351106
26.030412495920807, 27.065671906242471, 24.703568907592100, 0.360607536971349, 1.647502477155334, 1.297472175249799, 1.350488950201328, -0.664420845885402, 0.739645030374482, -0.107098872987807, 0.379764842288002, 0.457559115870802, 0.804001442813071, -0.643679737225661, -0.493522932117507, 0.584902993118725, 0.360607536971349, 7.930191117883925
28.188987916221343, 27.093248411342564, 26.516904015590317, 0.403582374011072, 1.370637134140063, 1.745507891101935, 1.691465045375651, -0.738201591091293, 0.576381601540663, 0.350489172893691, 0.191651308935508, -0.318960170570999, 0.928188658287002, -0.646782951764801, -0.752362053133157, -0.124992617028649, 0.403582374011072, 4.762831594681365
24.675156438295751, 23.308429044883948, 25.674205928510943, 0.354584768738339, 1.271267601889382, 1.461509896787391, 1.477176041981010, -0.292802014377106, 0.953175278062726, -0.075656259931045, 0.877031605696216, 0.236205562299561, -0.418356899009286, 0.380897024124142, 0.188848673886773, 0.905126309077678, 0.354584768738339, 8.460151880692827
22.543521175094881, 30.189466202801334, 25.261823149684304, 0.489679768573894, 1.564046663757406, 2.058911159350217, 2.244708420410471, 0.331620941140936, -0.925923465377600, 0.180812852585027, -0.873036347424584, -0.373829546656166, -0.313143746740032, -0.357540329854325, 0.054011168381923, 0.932334546296381, 0.489679768573894, 2.799248704600185
25.919771328592464, 23.919421172921044, 25.005749338699410, 0.350637435927929, 1.648137422356847, 1.303553704879142, 1.235273891592581, 0.749825066297852, 0.654519302992847, -0.096782498217284, 0.426691908251700, -0.366569329237158, 0.826777444234628, -0.505664301077250, 0.661234760786498, 0.554140961979602, 0.350637435927929, 9.296523484492223
26.958115065353798, 21.947403006165324, 29.353844924243901, 0.487002496602607, 1.546682350974446, 1.971893394850267, 2.331415966697566, -0.510960268091909, -0.627519447388162, 0.587485274352558, 0.640593673029788, -0.733700232314844, -0.226547379537593, -0.573200968688688, -0.260582639964370, -0.776876655102694, 0.487002496602607, 2.701894503929065
22.342602207219500, 23.649773712444734, 22.429518970745992, 0.397565942540075, 1.758996443023216, 1.474100551816685, 1.491922336927815, 0.428280604083650, 0.831482933629346, 0.353852872319668, 0.249612051776757, -0.485203557821506, 0.838016307171376, -0.868486930110949, 0.270580188780496, 0.415351433927909, 0.397565942540075, 4.469223718573581
25.251686290486365, 23.534156751760872, 25.150972282268935, 0.351125144458021, 1.188515387440333, 1.617673560541656, 1.386120102925529, -0.830388410102923, -0.556952529298302, 0.016092497474384, -0.040633121814587, 0.089336306185454, 0.995172333723531, 0.555701392636675, -0.825725683568922, 0.096814553225728, 0.351125144458021, 9.183313642071791
24.308210671597550, 24.936207507729002, 24.273881052922974, 0.347531190435102, 1.537148988421424, 1.214581674565196, 1.384042549522927, 0.976231561722105, -0.212212188920957, 0.044021866964002, -0.126557181714992, -0.393285436525990, 0.910664507474031, 0.175940949338063, 0.894590717753061, 0.410794632457733, 0.347531190435102, 10.310028753208979
22.308366283332518, 25.932537622210198, 26.538149551123876, 0.377597575566502, 1.824051457221308, 1.289377241878932, 1.409228023919523, 0.875850579172231, 0.466986896098891, 0.121692242298310, 0.481272164625724, -0.826675389946878, -0.291521702815841, 0.035536833287968, -0.313896541121595, 0.948791913409765, 0.377597575566502, 5.965519322068034
25.061513563779478, 29.990940373871947, 24.765258252264015, 0.443046361852404, 1.394032424303284, 2.128278524703103, 1.804500270348509, 0.567408363671999, -0.767537025838396, -0.298219152306172, -0.768108549347764, -0.362838530227369, -0.527595922464642, -0.296744006264553, -0.528427019511295, 0.795429368200893, 0.443046361852404, 3.182754408033135
21.457009404243202, 26.888257233460305, 22.287945115234898, 0.435592535806825, 1.457488267941256, 1.824744961784888, 1.913131455926700, 0.167638809080423, -0.939839013822846, 0.297657282435016, -0.367348686628853, 0.220635431317104, 0.903534697108845, 0.914850901580227, 0.260811492354184, 0.308261566423434, 0.435592535806825, 3.642049789070003
27.122935289415430, 24.634950836745762, 24.806680110844137, 0.359187298530405, 1.309085740770915, 1.436962591555396, 1.516561839030433, -0.387825639223015, 0.762781085119066, 0.517451726971551, 0.753577642996570, -0.060873524216125, 0.654534300113633, -0.530765493920804, -0.643785236110684, 0.551206458805516, 0.359187298530405, 9.002875052063668
25.621808126510704, 23.562314384395876, 25.335667852043517, 0.352103853653185, 1.503681017543242, 1.318580877622252, 1.355378555813476, 0.974978951605818, -0.222083880280777, 0.009736223346485, -0.214111962324512, -0.949953632236664, -0.227473436229194, -0.059767144110842, -0.219697170486567, 0.973735611839800, 0.352103853653185, 9.153649310340739
30.680130582611973, 27.071847346079139, 26.247909022074261, 0.523729851030646, 1.519148819281471, 2.586181330879163, 2.250989438083582, 0.914112513249632, 0.400399185655437, -0.063865524713304, 0.141676122340294, -0.463006942085785, -0.874958540697209, 0.379902868479643, -0.790762330733346, 0.479967443493937, 0.523729851030646, 2.623964373610101
22.934069927419976, 28.157667191937513, 21.913262999609771, 0.437477943799920, 2.093809622490354, 1.491800145508566, 1.650180366998635, -0.358603298065388, 0.926644701662304, 0.112841798540286, 0.258981170486745, 0.214895330531901, -0.941673377689367, 0.896845821727426, 0.308463277873987, 0.317045703729436, 0.437477943799920, 3.166625020957708
23.480383759835387, 23.738146793029369, 25.508360998930101, 0.356590905023718, 1.254161578839649, 1.417787645017311, 1.569845356122412, 0.724313346426483, -0.676110319494616, -0.135074098410304, -0.639773401201053, -0.732111716878131, 0.233885504307966, 0.257021733135752, 0.082989576951822, 0.962835686300239, 0.356590905023718, 8.118407227152522
28.163754747528813, 25.349891547396648, 24.516240158008017, 0.378777000730445, 1.261243392461803, 1.445680477551894, 1.834806829012705, 0.508949717485302, -0.844077104973693, 0.168831353518418, -0.197673331653189, 0.076287167826169, 0.977295002534133, 0.837792002244447, 0.530767471577047, 0.128025200999446, 0.378777000730445, 6.365028835774101
25.854631414677844, 25.458587635294450, 27.597268542922073, 0.368014006859958, 1.643145358587740, 1.260481385710098, 1.481464981906169, 0.931052415054174, -0.302103163488707, -0.204634012402402, -0.364506210490763, -0.795616882863688, -0.483868782022495, 0.016631985313065, -0.525097566469685, 0.850879499548650, 0.368014006859958, 6.774808541275920
25.042311110557900, 24.816566057090068, 22.859729427041756, 0.358194309096033, 1.783086567305989, 1.196322598388088, 1.326313150209615, -0.371339827134198, 0.834012814903029, 0.408080086945527, 0.924068087201664, 0.374837770395564, 0.074798503329543, 0.090580919621083, -0.404869448665131, 0.909876819431175, 0.358194309096033, 8.020005713166693
25.226753273354412, 29.854872417040305, 26.480443116358185, 0.446776788755862, 2.056896028760169, 1.546805863034334, 1.725577317054442, 0.973918225626447, -0.211727084835766, -0.081577762531109, -0.226678968142789, -0.923752539257484, -0.308703565928659, 0.009996759192575, -0.319143992207746, 0.947653511070026, 0.446776788755862, 3.116815956794909
28.491127315148795, 22.897491835179924, 23.524323250136074, 0.413219205549029, 1.767407752445806, 1.551900784289241, 1.583622095658706, 0.840808934465939, -0.534427241748948, -0.086185027695442, -0.034471512408446, -0.211745047956589, 0.976716821549694, 0.540233329733114, 0.818261301750531, 0.196459643446179, 0.413219205549029, 3.988831187478048
26.030367440386321, 24.103367692907185, 22.828396375698997, 0.364919737141930, 1.596755471871178, 1.427414497145307, 1.312545324966182, 0.743919949974132, -0.665631253436135, -0.059313931580411, -0.462494115693559, -0.576885924631440, 0.673276928842034, 0.482371538318046, 0.473431794888312, 0.737007486128542, 0.364919737141930, 7.548659696673140
28.769546184692103, 21.314856652504574, 25.667944049549892, 0.463132821782740, 1.263571749742026, 2.003390753269311, 2.415804987268575, 0.726929302381580, -0.606405087151586, -0.322252478059838, -0.594410414789183, -0.790626632353390, 0.146921023014709, 0.343875047261619, -0.084749032385120, 0.935183165684993, 0.463132821782740, 3.047282288431143
25.218577439071158, 28.133901630245447, 25.354268851349236, 0.375848602511583, 1.627283497307735, 1.444404591559362, 1.390584885172247, 0.786297811108588, 0.617843023049813, -0.002398148142033, 0.617821985452396, -0.786223795310083, 0.012171194677056, -0.005634406579455, 0.011051812379665, 0.999923052492351, 0.375848602511583, 6.303358190647312
26.441038554945056, 20.720741296511665, 26.483768792515264, 0.432280494464585, 1.600028699711967, 1.816658407113912, 1.710829139471847, 0.926670623509456, 0.226266785940973, -0.300141461821818, 0.063718132229374, -0.881521803533925, -0.467824015543768, 0.370434279123566, -0.414394318824761, 0.831297656303665, 0.432280494464585, 3.536749707415634
25.470377843488063, 24.986745917626664, 28.054603174297863, 0.374419367543385, 1.273197526495732, 1.523492106116616, 1.665902911494810, 0.864319201107904, -0.494918439066081, 0.089487749265402, -0.494696287447546, -0.804490604658232, 0.328740703598212, 0.090707782366285, 0.328406159639288, 0.940170991112343, 0.374419367543385, 5.916169048337311
24.999066829772577, 25.836636206357994, 25.915785616445397, 0.348871503697075, 1.542277810759178, 1.261281317677654, 1.343793957310511, -0.328812513798004, 0.846244870394825, 0.419227802155681, 0.812548767051175, 0.479737710554058, -0.331083418847827, 0.481297030879531, -0.231778662526981, 0.845358988633676, 0.348871503697075, 9.682557823531644
27.414799612554795, 27.446631771605091, 22.553202845249380, 0.408382835234342, 1.405919402124750, 1.633759874749473, 1.825427360095440, 0.493252336370043, -0.831393724189952, 0.255903513151063, -0.850463431198718, -0.399081702988020, 0.342703584069215, 0.182795199223605, 0.386675923374787, 0.903917941753044, 0.408382835234342, 4.165041041154186
24.669872705122508, 27.530808473215476, 21.232831524295420, 0.422036273988251, 2.060108294804740, 1.617396737202089, 1.388844082402841, 0.621613797877159, 0.782421624018313, -0.037585749390963, 0.601093981397689, -0.507221097581353, -0.617586256077516, 0.502277126511061, -0.361307570411851, 0.785604561943779, 0.422036273988251, 3.729001512893996
26.058309943340809, 26.685694914349650, 23.013950783198858, 0.369075815368879, 1.199459427242172, 1.529771752618011, 1.686729069750516, 0.876530069931217, 0.401499018217535, 0.265506261464266, 0.023811252507286, 0.514747357450871, -0.857011191438816, 0.480757798439516, -0.757518116197693, -0.441631342719115, 0.369075815368879, 6.471642879725777
26.629936734303303, 19.233067216334845, 22.903665283116784, 0.539730338854520, 1.802926422709877, 2.362166955325232, 2.272755226401235, -0.517240843595234, 0.817107222840415, 0.254553915897823, 0.847149252038936, 0.446538337987184, 0.287995933091971, -0.121655474544971, -0.364608418840911, 0.923179639302974, 0.539730338854520, 2.241553395249386
20.654298369184964, 26.136591531895906, 26.304450519150986, 0.427041410996587, 1.423062594610403, 2.030968217567213, 1.658798406071484, -0.934054153648164, -0.356937985987026, 0.011752115219706, -0.089585647928295, 0.266033417963361, 0.959791973404654, 0.345712669333769, -0.895444858540300, 0.280466139802763, 0.427041410996587, 4.047454531026336
22.547923949255647, 25.036876085939266, 22.268025062321954, 0.389173673250131, 1.405312279090438, 1.545375903994530, 1.670837250044036, 0.803020557090426, -0.521241094908135, -0.288904319575098, 0.159933643556297, 0.655483074645303, -0.738080733058618, -0.574089901103467, -0.546488480969643, -0.609730371244949, 0.389173673250131, 4.832822287564091
25.340278062025689, 24.163428115717156, 24.969921600119623, 0.347116933660952, 1.206243802220596, 1.361217301772728, 1.568106706803909, 0.353389271783891, 0.919976519579370, 0.169585453417093, -0.063109432183037, 0.204314922345562, -0.976868779353942, 0.933345178461638, -0.334512504892652, -0.130261897394661, 0.347116933660952, 9.937978239136140
27.245949591802425, 23.375796622698672, 24.614370854516043, 0.369578473755354, 1.654068611062891, 1.285607273907208, 1.461399409092800, 0.708450414660925, 0.672362241650345, 0.214539101260554, 0.482710419304042, -0.683382075987760, 0.547703924866323, -0.514867615083799, 0.284460813156369, 0.808698574696616, 0.369578473755354, 7.196484013426094
26.635799066091277, 25.714758644080852, 24.083537391161762, 0.356621495077110, 1.698460644899321, 1.331218144056264, 1.234890922782472, 0.980449208882570, 0.189085441038394, 0.054461406416456, 0.194725822072972, -0.972163053050042, -0.130310600115361, -0.028305529840430, -0.138367966927813, 0.989976314216010, 0.356621495077110, 8.406120036927714
22.192001999989245, 27.734437099762825, 20.334421739744752, 0.519979842921580, 1.549788070333967, 2.168274873588452, 2.575630981610506, 0.385697287092060, -0.914712896671372, 0.120573294692043, -0.349526577638764, -0.023920036755378, 0.936621056439451, 0.853855241978380, 0.403395771550335, 0.328942361579277, 0.519979842921580, 2.485345175250216
28.165503554497402, 24.323039326284789, 27.212990508102706, 0.398193657892461, 1.825517946974793, 1.580547927658777, 1.347100523941124, 0.511550956118774, 0.844734451396739, 0.157287399105644, 0.476527226172177, -0.126581821246103, -0.869999336348408, 0.715008686667944, -0.520000720339376, 0.467292016661863, 0.398193657892461, 4.876392785044528
26.310002226481934, 27.541040990199161, 26.501780309887678, 0.377641512424388, 1.614495023399337, 1.460401591963702, 1.406180082473915, 0.558902996670022, -0.829089576331612, -0.015424484806226, -0.668930361508416, -0.461773777471509, 0.582492188696048, 0.490060824557003, 0.315238723601591, 0.812689938030827, 0.377641512424388, 5.725795841610771
22.821695393777262, 21.378275209719440, 26.280432936223512, 0.415718031375969, 1.912424842532517, 1.416224771228301, 1.633017312029896, 0.754764694161072, 0.617194447592280, -0.222263965386214, -0.018575936627044, -0.318574783754015, -0.947715696680450, 0.655732560596446, -0.719431109292156, 0.228984034282491, 0.415718031375969, 3.803475249298828
24.074706151124371, 22.547201196987722, 22.926353453015601, 0.380898508110482, 1.702077571997871, 1.454028328030254, 1.374631728242375, 0.766549326505406, 0.628588485942409, -0.131448261208499, 0.506143759485272, -0.465389864432834, 0.726106582271021, -0.395247548718803, 0.623128228716866, 0.674900426587477, 0.380898508110482, 5.677740464519033
24.582546407369612, 22.442740097014880, 27.559299508783976, 0.388739978694566, 1.765810634357043, 1.504082570500411, 1.361672224184939, 0.244617211331515, 0.827634982782511, 0.505156169115044, 0.723837032976563, 0.190774992517618, -0.663072282576786, 0.645152981557149, -0.527849635317196, 0.552406003663451, 0.388739978694566, 5.264496510341548
26.773217716717429, 26.426665110174440, 25.760318115730641, 0.362107984608820, 1.585643560331174, 1.391308352243576, 1.324939687146917, 0.168511528586770, 0.938284770969614, 0.302035682163298, 0.591299766775206, -0.341385880204281, 0.730630047704538, -0.788649764182388, -0.055474042250832, 0.612335022754224, 0.362107984608820, 7.681660396630108
27.953386031682122, 22.110997375643851, 23.840199196742351, 0.411741456399737, 1.270567075251937, 1.760644745813689, 1.920946292656303, -0.556159915050360, 0.612754778534870, 0.561442544054028, 0.287545037126180, 0.775714140884749, -0.561769902411601, 0.779746112856794, 0.150993884028852, 0.607615706240879, 0.411741456399737, 3.860016273835026
26.653135192159191, 26.384472493313428, 20.808907610141642, 0.429766056675453, 1.491288958499939, 1.683958927272734, 1.945869914130596, 0.612756807434295, -0.790271280940499, -0.000630447137838, -0.088195573126159, -0.069177399326544, 0.993698157542503, 0.785334728522736, 0.608839707922438, 0.112087350905631, 0.429766056675453, 3.463150080046037
22.987792665968787, 26.077965011625516, 24.877266287727618, 0.359365067410189, 1.235928357732869, 1.453675210693138, 1.590221643202867, 0.250539318223444, -0.942492913626952, -0.221217444581367, -0.313581229900930, 0.137180349602088, -0.939600108523232, -0.915913130312014, -0.304776408939451, 0.261179015765090, 0.359365067410189, 7.956319555369192
26.168474320228622, 22.168371691501775, 24.862493526798669, 0.375016234029164, 1.852256061710614, 1.438358901776190, 1.218688408136385, 0.448442307080386, 0.767884235298973, 0.457442125738036, 0.540340133158695, 0.174775257278123, -0.823095468303289, 0.711991599471837, -0.616285169887024, 0.336542050357540, 0.375016234029164, 6.339238844277450
26.688342411441646, 21.877252275812602, 23.301716454796072, 0.398933598652791, 1.828236941981901, 1.505625149599275, 1.419918013852358, 0.450926143710994, 0.838541145433641, -0.305801177781854, 0.843744442665126, -0.288711625950769, 0.452483052182708, -0.291137301611539, 0.462054482129219, 0.837702051540195, 0.398933598652791, 4.494483967513093
22.712826597633455, 22.426974457316661, 26.342994058715131, 0.389953640232684, 1.422793849941538, 1.562034801998034, 1.642544019471189, 0.704328847395673, 0.534678893533899, 0.466946844443399, 0.257345648039561, -0.805361650438244, 0.534009203514777, -0.661584531380065, 0.255951348526929, 0.704836729339402, 0.389953640232684, 5.270095545854989
26.145463223794209, 25.191951018945399, 23.895546307053255, 0.352291385937230, 1.246894989756500, 1.511365442701873, 1.428293534932872, 0.957722693393429, 0.186184053004442, 0.219323370770365, 0.249519653328354, -0.917033712947105, -0.311109485424897, -0.143203300109088, -0.352682105762804, 0.924720577857214, 0.352291385937230, 8.969907815135882
24.345739462971853, 28.795382112917245, 23.733037120653105, 0.401664664404672, 1.764331018134631, 1.560912850567895, 1.448581458698623, 0.793689188625612, -0.608292092315618, -0.006180799714118, -0.578340226399722, -0.751380106983055, -0.317727111462101, -0.188626759466244, -0.255751178406708, 0.948162053847782, 0.401664664404672, 4.566647201776442
22.756629568065126, 25.390483606873232, 27.196549911909802, 0.375854022812269, 1.581749157494897, 1.453109973011460, 1.422107016530612, 0.854589856932575, 0.484202281518395, -0.187681450869132, 0.433572741194255, -0.466365148974575, 0.771050080030618, -0.285816120121419, 0.740305138705861, 0.608487836430964, 0.375854022812269, 5.987537687765069
27.705278270513158, 22.480869461017754, 22.867228479030768, 0.410656805433115, 1.448420333018975, 1.645510886464270, 1.788761612280040, 0.226460199991431, -0.927883691540889, -0.296222269237634, -0.775496849414623, 0.012249358815005, -0.631232595606893, -0.589338963897547, -0.372668496362482, 0.716796887166157, 0.410656805433115, 4.407629227223526
22.864683079346747, 21.712081765997610, 27.259384695127416, 0.420508856500007, 1.893308616176020, 1.515032970515297, 1.595852364599453, -0.815826909323098, 0.575001130474333, -0.061645388939982, 0.576398413434084, 0.799887626358538, -0.167166546262030, 0.046811569243006, 0.171911271159701, 0.983999589346084, 0.420508856500007, 3.531843808745164
25.525424976461998, 26.406485835372777, 25.702201021630557, 0.352387868239829, 1.498663030144593, 1.422604245066593, 1.263529880074628, 0.698500418603798, -0.715488807548717, -0.013150341548195, -0.603431883315950, -0.598783170466713, 0.526620049906569, 0.384664954743845, 0.359908989938216, 0.849999053854514, 0.352387868239829, 9.001641807246493
25.238481780465108, 28.396594591982364, 26.752505964847845, 0.394091832647902, 1.422017786922900, 1.681047677913847, 1.576224266074500, 0.356859019854335, -0.857305229180480, 0.371051726809629, -0.910521693584460, -0.408000058653262, -0.066979083683056, -0.208810644988923, 0.313948556548266, 0.926193510223738, 0.394091832647902, 4.697465018957276
22.214623738187061, 22.381138795378483, 26.323141740559237, 0.401257032654825, 1.406077058280484, 1.730053991275737, 1.634970639782815, 0.844195259935434, -0.469369086139197, 0.258895778411702, 0.011490051725693, -0.467026311739896, -0.884168763785495, -0.535912625167467, -0.749385805256201, 0.388868323557768, 0.401257032654825, 4.637351679708695
26.870774939707371, 25.310243813440131, 22.150535268701290, 0.383271755091625, 1.315894661269119, 1.587912144047008, 1.658760240227749, 0.960444758529670, -0.273346558295951, 0.053174475837963, -0.058604699934593, -0.385083620130651, -0.921019052274517, -0.272234007718471, -0.881471647062360, 0.385870937577202, 0.383271755091625, 6.160837430385990
24.651401506272592, 23.347167421051942, 24.868684239567255, 0.353045875713036, 1.144425378920459, 1.580110000888464, 1.498060631039390, -0.658931414181943, 0.733024608966349, 0.168772966004385, 0.699385578687817, 0.679635551096057, -0.221258513982777, 0.276892043453207, 0.027756807022631, 0.960500055146389, 0.353045875713036, 9.576535558099648
20.196661058952309, 22.689773330490208, 25.228829910056323, 0.461528180629584, 2.129764109311161, 1.605318975438911, 1.770160290805369, -0.479801686492939, 0.620462671226542, 0.620335727854648, 0.314264428123231, 0.781657462635913, -0.538748067580726, 0.819163116146540, 0.063542778661395, 0.570029915377324, 0.461528180629584, 2.967195240233677
25.736834580802824, 24.047846776912422, 29.490358297654097, 0.425956065188603, 1.918625786087786, 1.641559436918279, 1.510630664255416, 0.287063832410913, 0.871459292442228, -0.397684620946864, -0.799148202338322, 0.446777923455849, 0.402183587198567, -0.528163333468906, -0.202356588053294, -0.824678909910059, 0.425956065188603, 3.605777051735179
29.050649897606739, 23.056683439982777, 23.975368463049051, 0.425215971126047, 1.530638552792760, 1.724436949982194, 1.793161899756999, 0.923614069232406, 0.255720809517226, -0.285558958353280, -0.369758254935065, 0.397923663562034, -0.839604425241282, 0.101073656426050, -0.881058241864421, -0.462082774424069, 0.425215971126047, 3.669167578189744
21.911069644164222, 23.630098533378295, 24.147409931976608, 0.383689255616009, 1.318166438357031, 1.510097986283835, 1.746925164972423, 0.292801682128077, 0.935605206559862, 0.197256362130723, 0.944310734796466, -0.250553939395806, -0.213307195381217, 0.150147963992610, -0.248728005884584, 0.956864655004851, 0.383689255616009, 5.852370220012467
25.033869242306704, 27.552802412457538, 27.849097255397066, 0.393657618234020, 1.853733936702600, 1.472140403658393, 1.376163751433051, 0.580134245076842, -0.713791678800128, 0.392359142833219, 0.734837217626616, 0.666452873626951, 0.125915967316116, 0.351366647933318, -0.215271936187872, -0.911152825935380, 0.393657618234020, 5.187769816438968
27.833390919619731, 25.410885306888453, 23.286479526432124, 0.381146066707343, 1.580992095537039, 1.483777366333827, 1.453070387143291, 0.780054526836002, 0.613158455488900, -0.124706229295602, 0.297069171998883, -0.538325270393543, -0.788641750291992, 0.550694872148415, -0.578137191087189, 0.602073538756899, 0.381146066707343, 6.030507884865166
24.934495722246165, 24.346310848344565, 24.567237863610419, 0.346509352456489, 1.238003683704258, 1.526485370989468, 1.355317559004762, 0.977639854711588, -0.110398900024232, -0.178975968646478, -0.196116684776416, -0.785805554793037, -0.586555944483315, 0.075885179263235, -0.608540641970482, 0.789885894695139, 0.346509352456489, 10.722352532405861
21.167252941394651, 25.356058498289315, 22.174219132440651, 0.432574128193630, 1.420111554302981, 1.678254941871851, 2.090797603313375, 0.572219297268624, -0.819950199312872, -0.015708166034995, -0.058010457310246, -0.059574921554399, 0.996536810942999, 0.818046369514625, 0.569326355764924, 0.081655605780459, 0.432574128193630, 3.566337920767661
