xis_x,xis_y,xis_z,local_bandwidth_mbe_breiman,eigen_value_1_sambe_breiman,eigen_value_2_sambe_breiman,eigen_value_3_sambe_breiman,eigen_vector_1_x_sambe_breiman,eigen_vector_2_x_sambe_breiman,eigen_vector_3_x_sambe_breiman,eigen_vector_1_y_sambe_breiman,eigen_vector_2_y_sambe_breiman,eigen_vector_3_y_sambe_breiman,eigen_vector_1_z_sambe_breiman,eigen_vector_2_z_sambe_breiman,eigen_vector_3_z_sambe_breiman,local_bandwidth_sambe_breiman,scaling_factor_sambe_breiman
64.589411306665610, 10.310982784333673, 75.959305832666075, 0.984600466926715, 1.606560157433403, 4.962685113394487, 5.825804804766355, 0.039389504969258, 0.992635051402000, 0.114560558773186, 0.997268008938953, -0.046223176559441, 0.057618888358691, -0.062489881142576, -0.111978000861341, 0.991743889357471, 0.984600466926715, 0.445870413028330
7.103605819788694, 8.935261846766400, 98.694231273813756, 1.069746941443246, 8.630186832766377, 2.119778587545063, 3.256281867615029, 0.997367867015076, -0.058280016205005, -0.043136730948720, -0.055406258176304, -0.996342078934847, 0.065058499050381, 0.046770550570830, 0.062497211577254, 0.996948651708988, 1.069746941443246, 0.473111642576091
11.827442586893323, 8.778567490228637, 65.277653696918321, 0.987469503415463, 5.065794017340656, 4.831871955420246, 1.914245616708038, 0.914365099947025, -0.404887455314859, 0.001616331502764, -0.010481435652433, -0.019679368106957, 0.999751400087829, 0.404754991946402, 0.914154730338125, 0.022237929195372, 0.987469503415463, 0.457139369418635
26.455561210462697, 9.033954545581590, 87.119520045499272, 0.987457285783751, 4.668545021630607, 5.091738423383591, 1.971046403488611, 0.855345087330305, 0.514148221895857, 0.063532570396934, -0.056008866760653, -0.030141154874672, 0.997975208924054, -0.515022124208369, 0.857171579500948, -0.003015770506879, 0.987457285783751, 0.503731129107194
35.950790057378597, 11.772368881741889, 2.343462171649591, 1.035733984925410, 8.288212498569198, 3.559416055537458, 1.832713491987209, 0.997530385997998, -0.067799475499087, -0.018340123574655, -0.034847853685411, -0.251041714312356, -0.967348791682005, -0.060981604637833, -0.965598927504149, 0.252784404381743, 1.035733984925410, 0.501699613623652
10.204481074802807, 10.457629263928760, 18.428778584805315, 0.999158608260044, 5.904069669219119, 5.050785391047206, 1.627730282212526, 0.781033819431544, -0.623978868140456, 0.025229843803086, 0.035057711253796, 0.084147170006386, 0.995836437705290, 0.623503913208103, 0.776897435891039, -0.087597056572181, 0.999158608260044, 0.520909510389825
65.310832546539842, 11.094735236233289, 50.221876961277282, 0.986065828831116, 4.370791533308021, 3.490324180861439, 3.058309241300680, 0.906753401320428, 0.420797409117584, 0.026977947916086, 0.309336566959355, -0.707322684584930, 0.635614276281903, -0.286546955202172, 0.568000141154468, 0.771535276000306, 0.986065828831116, 0.773466444867787
46.631077285630631, 8.458418981221328, 6.412564188322934, 0.991823982154247, 5.104147926327448, 5.357447839263244, 1.736249529851394, 0.792618663536503, 0.609717678503533, -0.000082060164196, 0.020492876591628, -0.026774768942536, -0.999431415234219, 0.609373199462044, -0.792166310990524, 0.033717050717038, 0.991823982154247, 0.491615415888055
19.658236168005349, 8.092455828627500, 22.142172424995941, 0.988940148982749, 5.413446147785897, 5.989596880259846, 1.451537100553861, 0.977479585301172, 0.209611197174990, 0.024429620101743, -0.042856095697107, 0.083821069138847, 0.995558829718275, -0.206632561279796, 0.974185390152864, -0.090916501426658, 0.988940148982749, 0.493617719463522
9.609840789396307, 10.144466886869040, 74.712425777494744, 0.987421522903081, 5.421219567535247, 4.414582533255136, 1.957540064301736, 0.988815161675396, 0.144356041819885, 0.037495456137461, 0.036441789407605, 0.009937265560410, -0.999286368734185, 0.144625627139980, -0.989475913776216, -0.004565526376013, 0.987421522903081, 0.570803744616507
97.676108819033715, 9.046535825957591, 1.889231566729022, 1.083402262470754, 6.450401550782249, 3.950756025131104, 2.428240964921942, 0.775583103646595, 0.628529305483586, -0.058495824519668, 0.077703216523290, -0.187022243200226, -0.979277739300904, 0.626444777677849, -0.754965954660656, 0.193890040547404, 1.083402262470754, 0.499798672752809
31.856895245132367, 12.010162677206855, 8.183603285956998, 0.990326612054808, 5.124988553551634, 4.501743985348566, 2.048571776910948, 0.882385627839580, -0.470308127146364, 0.014348146996372, -0.013361744048353, 0.005435677290631, 0.999895953191320, 0.470337184983429, 0.882485534698712, 0.001487773299963, 0.990326612054808, 0.549293830912356
18.319136200711682, 8.362099776729721, 11.607350518472581, 0.997490384425387, 4.593905230415604, 5.445719567891898, 1.930538104023005, 0.992248634178436, -0.124263919504747, 0.001061263561278, -0.010659748243258, -0.076603377366205, 0.997004660141306, 0.123810410460587, 0.989287825097130, 0.077334218662713, 0.997490384425387, 0.474325835868162
82.894002921736316, 10.722752955124454, 28.132850586762746, 0.990532806831305, 1.620296000679883, 5.225395985291148, 5.585763634002086, -0.030458433839878, 0.987730529239724, 0.153168813457038, 0.999530883466819, 0.029606580445264, 0.007839859079061, -0.003208863360005, -0.153335749263351, 0.988168938589846, 0.990532806831305, 0.469897553194019
29.743695085513366, 10.389123301355676, 4.334403436292611, 0.988827540230566, 5.755562256851159, 4.006154741216931, 2.040495840574416, 0.950889822069395, -0.307678452168302, 0.033801129509996, 0.023542549413464, 0.180776628753095, 0.983242370356252, 0.308632944858368, 0.934159397837426, -0.179142191512966, 0.988827540230566, 0.490193677033809
39.650574084698462, 7.309358692471207, 65.080744359227737, 0.988581392813543, 1.728911321088607, 5.084953640030887, 5.347700899752033, 0.055946389010526, 0.997836937590049, 0.034517351254040, 0.997985540000726, -0.056923647766570, 0.028010003113284, -0.029914269273067, -0.032880758900296, 0.999011507535323, 0.988581392813543, 0.448092882672393
36.756187004789652, 12.087099013948746, 85.068724123921513, 0.984644263249598, 5.532171435700882, 5.398985610613105, 1.555320134185762, 0.727511617080086, 0.685926876473194, 0.015204181834134, 0.004199103229471, 0.017708545412823, -0.999834373759689, 0.686082512927990, -0.727454965995208, -0.010002894747239, 0.984644263249598, 0.487002686677861
80.731895872501070, 9.367117656074260, 50.138614331250523, 0.986076956953972, 4.138575815639389, 3.601549799886228, 3.130268708159240, 0.993881845954087, 0.097799554662209, -0.051323711778971, 0.105556598238159, -0.977843265168440, 0.180777081880174, 0.032506627805498, 0.185088616269604, 0.982184057738730, 0.986076956953972, 0.827642591298842
69.742877314456365, 11.992902762452349, 17.499287760501904, 0.987291903926287, 5.192960297842496, 4.911868283954574, 1.835965608601613, 0.936421747519228, -0.350253156619285, -0.020905431142697, -0.015666848541920, 0.017783654853862, -0.999719106287763, -0.350526547681912, -0.936486234761764, -0.011165637999449, 0.987291903926287, 0.488754393111555
39.822106221609189, 9.718116031441799, 73.239142817890965, 0.986027238738812, 2.058149320992330, 5.178563554010244, 4.376934784165110, 0.140481329001741, 0.986710438645901, -0.081654800649563, 0.987814676121936, -0.134102086240033, 0.078986050060671, -0.066986280983651, 0.091755875742570, 0.993525891674038, 0.986027238738812, 0.546178367617827
49.045880861756707, 11.790290152748428, 56.257937728677788, 0.993265226439443, 2.308315204622269, 4.620116229765033, 4.471335005692418, -0.064238806637278, 0.959586798305651, -0.273982759018387, 0.966198711726985, -0.008881896094623, -0.257645417927197, 0.249666628084200, 0.281272622982176, 0.926580965907347, 0.993265226439443, 0.593085306267970
25.435648177039294, 6.816719904434150, 87.933201900922825, 0.994785796974291, 1.680319889133658, 5.764610651717231, 4.945569500483303, 0.089822889684573, 0.974381188166237, -0.206187168942361, 0.995107835481659, -0.079251072692183, 0.058988670438874, -0.041136896476531, 0.210477000227794, 0.976732915449965, 0.994785796974291, 0.489005264819777
38.346389417189798, 5.127570902457979, 89.571599594870818, 1.000566386406830, 1.468789691956647, 6.418417486287535, 5.170584946162953, 0.125772942154744, -0.941501856675609, 0.312658633173819, -0.989725762113881, -0.097479870276783, 0.104597278640119, 0.068000609040188, 0.322601811475390, 0.944088972715475, 1.000566386406830, 0.472790590216834
62.898184359114872, 7.691447829694580, 63.152390827971892, 0.987573689740892, 1.692046866036295, 5.850206572750841, 4.734939929142432, 0.142643652264246, 0.969184217159534, -0.200835110669371, 0.987445475994295, -0.153258264366162, -0.038253579464805, 0.067854405952121, 0.192857091164243, 0.978877889208123, 0.987573689740892, 0.451143570810801
79.804683391256376, 10.396742710817344, 66.761086059680508, 0.986146483489275, 1.792444713715738, 4.932413195320672, 5.278476596791850, -0.087834057511586, 0.847370689384514, 0.523687018278155, 0.992489166088678, 0.119381673836362, -0.026707136660983, 0.085149477612323, -0.517407895884902, 0.851492005680797, 0.986146483489275, 0.502589366777590
18.563594430595220, 12.463208936682140, 77.362882809963423, 0.989054555438171, 5.384936793864802, 5.040811899896871, 1.734479495126764, 0.782310487620955, -0.621991729099509, 0.033415413959243, -0.046574249227504, -0.004914494626272, 0.998902741537665, 0.621145023538915, 0.783008388636017, 0.032813458496017, 0.989054555438171, 0.500816375986770
48.805628064895458, 10.262066455358525, 9.268148680278166, 0.983151169590347, 5.173931166963974, 4.707470365862387, 1.898638086003828, 0.617421720231656, -0.786605388305887, -0.006510182357452, 0.004323084266057, 0.011668931509941, -0.999922570492258, -0.786620448709930, -0.617345769504871, -0.010605213143914, 0.983151169590347, 0.539061958640802
94.043194525281308, 10.067153109447155, 17.506478281902758, 0.987581468010178, 4.426390060442627, 5.309399518929053, 1.994404458907763, 0.935470610725617, -0.352717590494156, 0.022023574292958, 0.015850838798382, -0.020379587554820, -0.999666656101164, -0.353048845597926, -0.935507869430874, 0.013473635547967, 0.987581468010178, 0.461971398118052
74.866361985054724, 14.930692623079956, 45.542269226316655, 0.994729636837236, 2.321291621270894, 3.731640333133727, 5.529364491711648, 0.263831660700915, -0.946331238947750, 0.186681656847732, 0.719169795217637, 0.064014143126315, -0.691879321216082, -0.642796748948234, -0.316795479247133, -0.697461801011468, 0.994729636837236, 0.501982981919078
96.193637854722908, 11.447235577153155, 73.220985957241496, 0.999155868510294, 1.708788264078168, 4.601592735396790, 6.172950983304724, 0.120938014453904, 0.981060554649178, 0.151308244228113, 0.992638806662599, -0.118524795466852, -0.024901252317737, 0.006495857710712, -0.153205943001530, 0.988172931658024, 0.999155868510294, 0.522098134777725
1.642962959147420, 9.174750959615370, 97.969932932843321, 1.104343200050929, 7.043072249506143, 3.837395605668735, 2.424951159116793, 0.583247084915115, -0.807525068644734, 0.087898244853578, 0.030317891013238, 0.129775531542876, 0.991079783315790, 0.811728811502050, 0.575379505129513, -0.100173657487321, 1.104343200050929, 0.478131081384536
97.749513974444682, 11.264110291747874, 39.961323918748725, 1.033040163446169, 3.251440830230715, 2.138497130037800, 7.715367593031333, 0.985068854186762, -0.169308042396402, 0.031211204575903, -0.166961773079566, -0.983707079775133, -0.066664439774198, -0.041989508705248, -0.060457985247430, 0.997287176884629, 1.033040163446169, 0.526048665354575
87.650524531659073, 9.529585762583277, 70.669561086478453, 0.990169126711229, 1.783214985405400, 5.378992017408885, 4.925077482007213, -0.073341870062751, 0.951750083552083, 0.297981121137399, 0.996726372751446, 0.080143680732034, -0.010654966000237, 0.034022168617579, -0.296224186887777, 0.954512295963353, 0.990169126711229, 0.537979000070409
29.302028450779673, 11.737657967111996, 27.499059994111917, 1.000579720839911, 4.800996858097467, 5.659987855163693, 1.793897802980636, 0.947016279833596, -0.311498983663011, -0.078285049064600, 0.064161598091053, -0.055349809022433, 0.996403376134175, 0.314711701499226, 0.948633112334843, 0.032430897634367, 1.000579720839911, 0.534121587731998
14.814086094816503, 9.554578514697386, 42.694494890503179, 0.986096756289160, 4.504526339859291, 5.685032069244190, 1.822074248304817, 0.961213252832404, -0.269845922959163, -0.057028593193835, 0.051725000527305, -0.026730409156843, 0.998303565828931, 0.270912544744241, 0.962532421837637, 0.011735843027836, 0.986096756289160, 0.538175474083649
68.328133554768044, 10.911587343246842, 16.658214223805999, 0.980354292973580, 1.821427141397165, 5.153754759809105, 4.884309113743907, 0.028972885257970, 0.985067731820177, 0.169711919576914, 0.999015946483730, -0.022832170919861, -0.038024079769321, 0.033581402457997, -0.170646581265898, 0.984759886323166, 0.980354292973580, 0.513887184833790
30.681009954519610, 9.917086044074908, 6.304685308768098, 0.991884120872646, 5.416218792339408, 4.092686440179064, 2.142237759214862, 0.606095770917109, 0.794728593526207, 0.032471204293224, 0.097224031712905, -0.033505803947499, -0.994698370743272, 0.789427263358623, -0.606039457241596, 0.097574444053902, 0.991884120872646, 0.514143445683743
39.902532170310202, 9.301754262824343, 25.047627923250502, 0.990345063508278, 5.394956688618488, 4.711707415506424, 1.859443026382105, 0.593622679806078, 0.800689705831099, 0.080672851666219, -0.028898974722966, 0.121392079212766, -0.992183860161192, 0.804224448322614, -0.586651479228094, -0.095200202939266, 0.990345063508278, 0.500398150273923
15.941446344895594, 8.135047693031229, 25.188336325170045, 0.988912779241125, 5.274292385123804, 5.591869283406321, 1.595667076062589, 0.950078290312152, -0.311602074262746, 0.015980913387275, -0.019182074496245, -0.109455017385497, -0.993806644769072, -0.311421403078784, -0.943887570891944, 0.109968009985392, 0.988912779241125, 0.513623651551054
3.330462654669619, 12.668144000076936, 56.699349190043471, 1.000275904944448, 6.619304190876027, 3.103180790063687, 2.370988971384968, 0.086323429366443, -0.995736152207275, -0.032523541164336, -0.260616751317125, -0.054078218882083, 0.963926581838808, 0.961575360788391, 0.074733268562221, 0.264173738465205, 1.000275904944448, 0.543434197029610
25.319119372285193, 7.322052698372216, 54.060417491548037, 0.988649592655122, 4.328785081726230, 3.682087036504361, 2.950235130807744, 0.954808021383661, 0.296617800288999, 0.018961087867902, 0.166728065677262, -0.481699009463508, -0.860330062474510, 0.246055673409367, -0.824611390191520, 0.509384590215950, 0.988649592655122, 0.579176431175611
98.940977728443144, 9.559503176604874, 73.725130250443428, 1.091926993454597, 8.384764275502633, 3.479326113738086, 2.171622545657605, 0.043897841215028, -0.998518927650445, 0.032139238641656, -0.033014250463505, 0.030702777608372, 0.998983182397714, 0.998490379925111, 0.044914257991600, 0.031617568313690, 1.091926993454597, 0.525525287712714
42.408898843584929, 11.272496734017590, 61.661452184025613, 0.988901485779627, 1.834335152905756, 4.881300702596072, 5.255745972863745, -0.090205131600109, 0.891717532588779, 0.443511979890947, 0.991933556708337, 0.120264349241011, -0.040053781064759, 0.089055338464095, -0.436321359063955, 0.895373005130057, 0.988901485779627, 0.461727802340319
23.342025546809630, 9.290941689915337, 7.319985351272019, 0.988995993806350, 5.652164134427108, 4.745879097321272, 1.754856833342530, 0.965898804740050, -0.256717538353631, -0.033698731480494, -0.017055448348958, 0.066784477781858, -0.997621644316632, -0.258357524921103, -0.964176300802429, -0.060128614549024, 0.988995993806350, 0.481773853068008
37.905689607742858, 11.305617866547792, 56.608050059190226, 0.991862133144889, 4.271303219781778, 5.787740084709987, 1.920764132700502, 0.995803869559063, -0.090472317800254, 0.013762742569974, 0.028154848939702, 0.159787249827407, -0.986749886888150, -0.087074438570571, -0.982996843588240, -0.161663996125223, 0.991862133144889, 0.562166803013269
23.780724253903884, 5.918759500235817, 86.971009762842755, 0.985818076949454, 1.618941413571100, 5.943023804084755, 4.845529694199969, 0.100102329368397, 0.994639968423337, 0.025900904807432, 0.993912626121446, -0.098757497055790, -0.048832862005479, 0.046013207792889, -0.030631519552550, 0.998471078558869, 0.985818076949454, 0.467410683174992
63.399769774466073, 8.983094573978942, 13.457906855734059, 0.981769950488188, 5.567971704392456, 4.749163686055123, 1.741424207055165, 0.511320460761639, -0.859153969737024, 0.020145537759481, -0.041647067086181, -0.001358262887706, 0.999131461282772, 0.858380398313955, 0.511715361707113, 0.036475750620573, 0.981769950488188, 0.476198501384979
13.128932847325602, 9.753027694682750, 96.432967967213955, 0.997893263900890, 6.462307814670400, 1.958076765389783, 3.821417142864755, 0.995438532867255, -0.092769148044585, 0.022271337053890, -0.092409637571921, -0.995581613111141, -0.016664648776535, -0.023718898939715, -0.014530547343470, 0.999613063653625, 0.997893263900890, 0.469572683689627
38.280805915785407, 12.220131726190036, 18.231115344882355, 0.981778293281023, 4.629601934086460, 5.369896250936150, 1.852338104958358, 0.946972548112672, -0.314059000376614, -0.067896519818290, 0.069966226400063, -0.004691110023798, 0.997538330416471, 0.313604400932654, 0.949391877871928, -0.017531170710615, 0.981778293281023, 0.525993192089309
40.673334583574828, 8.861679187960046, 95.208240503540381, 0.983191055200946, 5.894189468173031, 4.309031301941752, 1.820956388240381, 0.963987291623111, -0.263909634036477, 0.032866497408044, -0.009493459055406, 0.089356198878659, 0.995954488898524, 0.265778809961034, 0.960399487080606, -0.083632824841722, 0.983191055200946, 0.451834846921074
55.207827669197087, 10.467774688534931, 5.136595701194024, 0.984614318368155, 6.017404964221265, 1.816040626063273, 4.250628703584605, 0.995962545004604, -0.053286865102023, 0.072243469985546, -0.059060776853578, -0.995019817203175, 0.080295628837522, -0.067604981956993, 0.084238194309707, 0.994149633120706, 0.984614318368155, 0.490081643125470
40.171353537959867, 14.135050867000357, 90.452202654124775, 0.987496335568008, 5.359484506057356, 6.186287526592848, 1.413327750297533, 0.998954891630921, 0.045193212765031, -0.006833593976075, -0.006128374711582, -0.015724724617358, -0.999857577887522, 0.045294232635620, -0.998854497189497, 0.015431329633815, 0.987496335568008, 0.484732467249758
68.051448114282593, 10.643754133407610, 1.413654213127613, 1.059946793643806, 9.585356354263890, 3.294437724493617, 1.835067990967716, 0.996356993321344, 0.077682430794939, 0.035187807624799, 0.046384731762445, -0.147402827640910, -0.987988290954296, 0.071562549695887, -0.986021220029901, 0.150469116870439, 1.059946793643806, 0.488146951517431
71.033682897421329, 12.599290214562700, 56.537959943999972, 0.988886408196230, 1.967034569123649, 4.207935629389436, 5.685225200907333, 0.072877034223216, 0.996686548266571, 0.036122879000655, 0.968053189543005, -0.061977624486980, -0.242964598817534, 0.239920737116329, -0.052675407615115, 0.969362337484874, 0.988886408196230, 0.529380177870628
0.788410350844038, 9.533152786767754, 85.364169087564591, 1.100673021270753, 2.743398337793284, 2.503593538444619, 9.447389059792739, 0.865761888062833, 0.500449954195789, 0.002489281685734, 0.500419813355568, -0.865628392658706, -0.016355311806371, 0.006030222139859, -0.015405491505904, 0.999863144261456, 1.100673021270753, 0.548635259799131
62.223105883979493, 9.452829199089665, 93.029440622274990, 0.990356386914866, 1.702932544756780, 5.795549659581333, 4.789299235175911, 0.103864787572100, -0.979416912134643, 0.173074024992900, -0.994407954983396, -0.105603542514317, -0.000843133540698, -0.019103009405409, 0.172018615367836, 0.984908458182074, 0.990356386914866, 0.466764733974006
87.178573475549285, 11.863043623488178, 27.233209242972567, 0.988974173349642, 5.832448598496099, 4.689809484606859, 1.720831152412066, 0.987011186701714, -0.155687227574367, -0.039628329461156, -0.030053800730492, 0.063378890604500, -0.997536909235641, -0.157815355359757, -0.985771070480337, -0.057876681113583, 0.988974173349642, 0.465634868265703
6.107853706678734, 10.437531314185552, 72.034982213937283, 0.984638566236469, 2.115823027197402, 4.516213456551953, 4.861454841470703, -0.067961795386180, 0.863547543841869, 0.499666722818883, 0.993237137825361, 0.105815637037207, -0.047781157404302, 0.094133853699780, -0.493040252396379, 0.864898911494600, 0.984638566236469, 0.573127952243134
99.796225132867349, 10.530330603161151, 7.000840362008964, 1.144265511269522, 9.166115561920444, 3.335673447023914, 2.384520705536671, 0.075590467094605, 0.996128012415949, 0.044889466076916, 0.080017498276109, 0.038813316741177, -0.996037512553208, 0.993923176736538, -0.078882883592071, 0.076773754774321, 1.144265511269522, 0.499999076742314
51.451274329875673, 8.993038411510934, 3.140629244753312, 0.999248907858906, 6.291208203611484, 2.100069971156101, 3.674876536788029, 0.994525184750521, 0.062702024934981, 0.083594933853645, 0.056857275879881, -0.995886122673698, 0.070555516052731, -0.087675008277509, 0.065416257421234, 0.993998896472495, 0.999248907858906, 0.470549153083670
33.549816967589962, 12.224931676524083, 95.987439562590438, 0.984622369470972, 6.019117178128005, 4.210091495736423, 1.833049916243930, 0.982170373576811, 0.187883588466234, -0.006412055289665, 0.025342219117287, -0.098526910537811, 0.994811650429409, -0.186277022732805, 0.977237026050960, 0.101531599597745, 0.984622369470972, 0.462810947187369
95.874092305659303, 9.133675439608860, 53.382028191239705, 0.990446300890015, 4.465436459191687, 3.894437153887080, 2.718777820865543, 0.684972936359916, 0.723609603306577, -0.084859993265220, -0.144992469211834, 0.249533859791383, 0.957449756744170, -0.713995280324968, 0.643523111333318, -0.275841883791343, 0.990446300890015, 0.735994847397139
14.780867669727238, 11.185488112300870, 74.266781806131505, 0.991732328760574, 5.459137078509417, 4.731463806640913, 1.837610312879359, 0.602693622301778, 0.796729261368338, -0.044529560027290, 0.041697692835689, 0.024282723199355, 0.998835147442362, -0.796882488230820, 0.603848353010494, 0.018586729609372, 0.991732328760574, 0.526423434538064
16.902540612916127, 8.575222283887195, 15.288324316805324, 0.993058574075439, 1.879321546550820, 5.288060989307061, 4.795308776145902, 0.034879005229151, -0.982704075298907, 0.181868511252347, -0.998902391870121, -0.028586875525721, 0.037105283502852, 0.031264460820154, 0.182963086273153, 0.982622533097541, 0.993058574075439, 0.500185099905123
85.958083641962148, 9.316538464298535, 48.821035809161849, 0.988948676977726, 3.050892617550174, 4.106425597243165, 3.756815872804068, 0.288448639724439, -0.950076738695960, 0.118960383447476, -0.425482276842328, -0.238485480930818, -0.872977380851454, -0.857765827212876, -0.201193603213536, 0.473031626523813, 0.988948676977726, 0.760872438041240
39.916114525477312, 12.548284437014471, 56.422391346782355, 0.988989159269256, 4.543294213463888, 5.366518822132952, 1.930636906701004, 0.988191439365739, -0.152758832684114, 0.011933909722153, 0.041533270456841, 0.192078053347229, -0.980500386979780, -0.147487852413101, -0.969417743008310, -0.196154461920307, 0.988989159269256, 0.543697466759102
11.047711099174473, 8.892652254673344, 96.946984796940555, 1.005571992655446, 6.748866231114579, 3.853203867854079, 1.902725891761702, 0.996763375977982, -0.075333201038561, -0.028065657488451, -0.029509979206348, -0.018128075572922, -0.999400087053860, -0.074779231316030, -0.996993621693392, 0.020292483004245, 1.005571992655446, 0.465669339643668
32.104299004321689, 11.457862942947292, 3.811788391608339, 1.000588628397605, 6.292987259566370, 1.900999550136271, 4.074903713473312, 0.995162068855764, 0.077406413938161, -0.060503750230448, 0.087735537581579, -0.977325029123414, 0.192712902770387, 0.044214614732979, 0.197088900068348, 0.979388091266104, 1.000588628397605, 0.488889974437943
16.212026070883322, 8.743185177782541, 48.950939744276603, 0.984597186947866, 4.188607576494454, 3.056746516428292, 3.627740397413102, 0.938488429842617, -0.290815691160750, 0.186187273534564, -0.161097043253445, 0.108180090673428, 0.980991748506014, 0.305429549497976, 0.950643625001811, -0.054676215458633, 0.984597186947866, 0.839072524991013
52.823408917853577, 10.302667325213369, 44.326538670794037, 0.987594182678883, 2.107561057725112, 4.119593158612231, 5.398717528555069, 0.167986678872900, 0.984388267147674, 0.052537750458624, 0.985284900376242, -0.169366730031211, 0.022990777479557, -0.031529998601851, -0.047902507873121, 0.998354250217643, 0.987594182678883, 0.616139049798309
2.895254902696054, 12.256195005010239, 50.754928937969801, 1.004566354601046, 3.149621883811210, 4.127614604040182, 3.794616186736243, 0.947365925225713, -0.304518071634699, -0.098825845653419, -0.276956582578975, -0.934369289335272, 0.224163071252323, 0.160601541360611, 0.184993986915747, 0.969527910747087, 1.004566354601046, 0.677984896405460
75.928245171666802, 12.373030757002072, 36.303226773333130, 0.991701496097596, 1.924138654897006, 5.219384110276240, 4.725816028577640, -0.097546833100614, 0.965178430811005, -0.242724560045428, 0.990743401656282, 0.117309015114849, 0.068308908989399, -0.094404064671914, 0.233814438540458, 0.967687284665574, 0.991701496097596, 0.499122552791384
37.638915519435123, 9.878840507838406, 66.330490233541056, 0.991602053136208, 5.214245081486033, 5.564944803901632, 1.635119432320815, 0.938295524940625, 0.345827616038483, -0.002183543344494, 0.008571613518642, -0.029567375642088, -0.999526036548987, 0.345728268034427, -0.937832090665904, 0.030707236917965, 0.991602053136208, 0.481237984488467
26.090449938105976, 10.677051701901313, 13.609976608917062, 0.997833474324734, 5.437483382076090, 4.824955210262926, 1.842775831517038, 0.576562374574806, 0.816430644821746, -0.031887778546170, 0.084454283705371, -0.020731933366625, 0.996211654671182, -0.812676628302103, 0.577071216692385, 0.080904318034923, 0.997833474324734, 0.514034436017898
37.191874851246133, 12.058291465391873, 63.130758872528133, 0.990327344620971, 5.747676845064020, 5.007429545516212, 1.642172033086282, 0.708341955669396, -0.704491206275783, -0.044088707381235, 0.002373914037995, 0.064837368981340, -0.997893020376291, -0.705865453447465, -0.706744830800813, -0.047599430308923, 0.990327344620971, 0.458874574521395
33.610226639988738, 7.693055749300592, 25.554369470481053, 0.987332152146956, 1.779776368260260, 4.801308673173120, 5.480930632105817, 0.044943162687692, 0.990685162877679, -0.128541900490282, 0.991352896609083, -0.060108401932591, -0.116646536176141, 0.123286440910626, 0.122187921134357, 0.984820067533382, 0.987332152146956, 0.516013237253748
92.275661022536539, 11.213045638694823, 29.254645822751225, 0.996262624204151, 4.925053404340512, 5.288847723471698, 1.847306826048905, 0.883584976880144, -0.468270484094496, 0.000585113341007, -0.016350397433346, -0.029602948193373, 0.999428001389811, 0.467985312948481, 0.883089134337054, 0.033813128816276, 0.996262624204151, 0.535456142026712
42.690436021107367, 9.672463250707725, 8.299462303618188, 0.983221403277402, 1.973812539553429, 4.932121346450894, 4.751205818979980, 0.035890472898515, -0.811847316894604, 0.582765654449672, 0.998285236604661, 0.056109013035920, 0.016684275031015, 0.046243489620664, -0.581167542716529, -0.812468969844717, 0.983221403277402, 0.514442796145785
30.419869159940781, 12.019430370510126, 47.429666148190584, 0.985990005307001, 4.267970912866826, 3.552832898042934, 3.076173556826598, 0.750821464999974, -0.656194245399928, -0.075340825581570, -0.525871170140321, -0.524857599510093, -0.669316078285703, -0.399658154064875, -0.542156446554427, 0.739147987448342, 0.985990005307001, 0.645841421075871
97.588386841853335, 9.508828571322763, 91.108334588821975, 1.035331889045773, 7.786634160263371, 3.644512231810376, 1.903001448454240, 0.075058972645537, 0.994726865014431, 0.069890018199726, -0.025721631702697, 0.071995748176643, -0.997073221938608, 0.996847304399198, -0.073041606383259, -0.030989924959665, 1.035331889045773, 0.479504522287048
63.970510607512701, 10.593290131193278, 15.484839783910353, 0.984710416797711, 5.290771156633712, 4.777852042501898, 1.838075946098284, 0.983956567737843, 0.178370579923679, 0.003661833318773, 0.000057212407141, 0.020209559892957, -0.999795764351737, 0.178408154332431, -0.983755818232667, -0.019875124177526, 0.984710416797711, 0.508790694401162
40.830290833974480, 10.725465459261910, 76.563755451663752, 0.989061212522660, 1.899468784540165, 4.794593102158082, 5.169816451508806, 0.087471463191209, -0.735710837676034, -0.671623634525482, 0.993694639866013, 0.111912294457308, 0.006826496235721, -0.070140614687529, 0.667985929249509, -0.740861048035275, 0.989061212522660, 0.549196948012150
21.243436129404103, 11.830325446875600, 8.477420423794834, 0.993062372817033, 1.736781771419744, 5.589614388588249, 4.908988435709626, 0.089617055097808, 0.973137962476137, 0.212064352080659, 0.995433400532799, -0.080485113754767, -0.051327298463781, 0.032880519145905, -0.215695740457885, 0.975906870049095, 0.993062372817033, 0.495848155430481
88.905995318972870, 11.322070787904455, 9.899894843525336, 0.984694556842067, 1.965694433922826, 4.984505758099973, 4.741939743220597, -0.062462164506717, 0.867669513685868, 0.493201878570292, 0.993996552925978, 0.009604567033349, 0.108989013498499, -0.089829453835644, -0.497048656886055, 0.863060427728765, 0.984694556842067, 0.502670941728888
96.319729526038003, 11.961935071314590, 35.474131312059363, 0.997722653808918, 6.525325885636750, 4.017670904303992, 1.843497117957863, 0.150930945942886, -0.982749212979057, 0.106882336921633, -0.051005667821626, 0.100235027183386, 0.993655554594053, 0.987227568196338, 0.155424977769307, 0.034997212439775, 0.997722653808918, 0.496579895524732
87.355682729077145, 10.461913675263711, 48.940275595223738, 0.991774179466546, 4.327606720303050, 3.494421599893316, 3.139097706640630, 0.991707367287753, -0.123055381978171, -0.037065760931077, -0.002587844356078, 0.269233206012379, -0.963071536201691, -0.128490469408365, -0.955181058096580, -0.266682105745240, 0.991774179466546, 0.796158302463025
43.307744910126843, 6.487045469919071, 57.772749638408193, 0.993041964354893, 5.394751521827385, 4.268171572931940, 2.069564749125589, 0.458225902083631, 0.881688705266278, -0.112490220310558, -0.039554316359674, 0.146661347451430, 0.988395621813983, -0.887955223373882, 0.448459001659690, -0.102078622215586, 0.993041964354893, 0.478341278224491
35.734687967795445, 11.996508933452830, 14.898766669749008, 0.999077260818994, 4.979130936236994, 5.893919925340287, 1.653594329286565, 0.912016200737839, -0.406590961552869, 0.053946636366235, 0.075219777199779, 0.036508230691839, -0.996498436631873, -0.403197761290576, -0.912880572186343, -0.063879779390683, 0.999077260818994, 0.542463721376234
91.497077031561858, 9.602825740595396, 62.276796196032677, 0.991658052027324, 1.717378237764468, 4.774626800665153, 5.787219705835932, 0.023063135978203, -0.999060314581999, 0.036695770685020, -0.999578551099968, -0.023691295956501, -0.016776253359760, -0.017629859322760, 0.036293392280388, 0.999185657291497, 0.991658052027324, 0.515539989202883
28.991344959195541, 12.391202154425288, 36.336160782984891, 0.988874352429706, 6.046367712511666, 5.106220515997120, 1.524118543007629, 0.463309125853977, 0.884449229523688, 0.055625662201699, -0.034790975778258, 0.080873656600788, -0.996116980917610, 0.885513546991134, -0.459574816610932, -0.068240354865784, 0.988874352429706, 0.495239189457746
79.559036854321306, 9.364222435902228, 51.043043356882286, 0.985943585084506, 3.933966578276775, 3.522813822077158, 3.365312266897373, 0.706025555612500, 0.693373539783825, -0.144086949963237, 0.544392921690975, -0.401248916433917, 0.736638075226479, -0.452950617214310, 0.598525222015125, 0.660759636310300, 0.985943585084506, 0.821088716561063
5.938318800578923, 7.855996747948325, 95.944725052628684, 0.991692252624238, 5.929403233382064, 4.306003442483465, 1.858809707604544, 0.924381868801361, 0.381377392707159, -0.008333364458225, 0.024040044868507, -0.080042478993659, -0.996501519215736, 0.380710174376814, -0.920947602140555, 0.083158145948167, 0.991692252624238, 0.437194119229714
33.447374149611484, 10.128056952271335, 26.102167308219670, 0.994753949675664, 4.694841679888281, 5.353263724869720, 1.905886154709801, 0.987491637918504, -0.153689389904656, 0.035211311701846, 0.041019094187328, 0.034782230220326, -0.998552767946167, -0.152242237743279, -0.987506844478373, -0.040651361050820, 0.994753949675664, 0.531820952575156
55.464505862025959, 6.317767431086832, 2.755381682200908, 1.011936616441547, 7.464072621807257, 3.582352881745367, 1.885841730518621, 0.999813806906387, 0.017041866104164, -0.009051315873686, 0.009025864784785, 0.001569769069155, 0.999958033914402, -0.017055359399446, 0.999853544587785, -0.001415659209859, 1.011936616441547, 0.460663141772650
11.149605729871560, 8.227497423364991, 42.040159271086907, 0.996211953698567, 1.691024749560651, 4.758183361431787, 5.979345340595985, 0.124258254539575, 0.989179277696067, -0.078001556109260, 0.987428855706545, -0.131011652956628, -0.088431904353774, 0.097694120073017, 0.066032593211686, 0.993023441584789, 0.996211953698567, 0.520447096957140
17.649938888906014, 11.443186059860796, 44.520275774971829, 0.986021877006587, 5.458423524738515, 3.827131264815704, 2.233102169505210, 0.216990865018768, 0.975886108425143, -0.023691092867096, -0.091822975512187, 0.044566792630552, 0.994777534005827, -0.971845412432705, 0.213682250964969, -0.099279353120621, 0.986021877006587, 0.553929969151649
19.725947430073766, 13.104066486708167, 41.570669833384557, 0.999021082163903, 1.739486866871766, 4.749160742901456, 5.873209130880184, 0.096177674614150, -0.987266906539462, 0.126704025815345, -0.983929326204678, -0.075059723118860, 0.162015798611520, 0.150442467209971, 0.140250109509122, 0.978619931762304, 0.999021082163903, 0.494948554418115
53.490819838320135, 7.231617186642321, 56.851506831823187, 0.987482004902617, 4.571976966111595, 4.980091476128352, 2.057954391878054, 0.961201443063178, 0.274515699286583, 0.027072434291404, -0.068229831563523, 0.141508625154992, 0.987582907452107, -0.267276029486517, 0.951113263419211, -0.154748454628730, 0.987482004902617, 0.513550146187137
29.024804255992841, 13.844166772906833, 8.105660780274926, 0.988903119333495, 6.415640966502749, 5.121159838918810, 1.432327686288671, 0.606674745821577, 0.793135051318614, 0.053689320652667, 0.072675415370546, 0.011918757328975, -0.997284426442352, 0.791621144729626, -0.608929169603126, 0.050410610226454, 0.988903119333495, 0.529994215583222
30.417355738924655, 10.720449707957950, 82.586016728843887, 0.988638308302695, 1.957737643488511, 4.793664246758767, 5.010484575747353, -0.097220049615654, 0.782952481924522, 0.614437688460727, 0.995120532217157, 0.086912263296779, 0.046705297863010, 0.016834141278095, -0.615980250930874, 0.787581705063396, 0.988638308302695, 0.491645513423398
49.236140669088414, 9.556542681453941, 75.149408155713857, 0.987596284613253, 1.856293015444046, 5.240326024275461, 4.818623936609697, -0.035487110714213, 0.983667930716870, -0.176459817103921, 0.999196133366468, 0.038218243567045, 0.012101773595180, -0.018648110860248, 0.175888509965382, 0.984233447929658, 0.987596284613253, 0.479155359447422
50.686295848731348, 7.850370275371803, 2.383972813852819, 1.020534530915000, 7.170614814479031, 2.023019799319000, 3.565464480659189, 0.998954505801453, 0.038838840216660, 0.024113063463577, 0.037806301773194, -0.998406546174035, 0.041893341989730, -0.025701729226026, 0.040937916989742, 0.998831070835971, 1.020534530915000, 0.476106199182901
51.492220193676843, 11.461754851402269, 90.912741253745963, 1.000544067552140, 5.402134103550140, 5.311394657744902, 1.698729620715909, 0.733860743163416, 0.679286365966496, -0.004294491316825, -0.014031533769314, 0.021478819901264, 0.999670834002738, -0.679155008597978, 0.733558922860107, -0.025293892318108, 1.000544067552140, 0.518543867400624
14.181727570147750, 8.840528028186991, 38.328385904955240, 0.990293930398953, 6.031684924674038, 4.712150837609348, 1.662738870694214, 0.989747422421221, -0.139595973529101, -0.030215955801728, -0.023446146325686, 0.049888623280789, -0.998479545854407, -0.140891156688502, -0.988951004570808, -0.046104148678464, 0.990293930398953, 0.572861522079560
62.670647595910488, 12.463106188156374, 96.230059530508527, 0.996314652448445, 7.008193800682283, 1.801567229082189, 3.811733288762894, 0.998694920703534, 0.050752780586476, 0.005710571223771, 0.050710983956345, -0.998687125030816, 0.007240331750863, -0.006070540926476, 0.006941293858085, 0.999957482582352, 0.996314652448445, 0.439577377800279
5.107548016925678, 8.179261922007262, 21.793955449535407, 0.993133865176840, 1.623565656943615, 4.704256746561376, 6.240969073267828, 0.060032105342332, -0.996729387636531, 0.054098744438976, -0.998175498852943, -0.060293730038115, -0.003215526048569, -0.006466824401924, 0.053807006419214, 0.998530413278613, 0.993133865176840, 0.508737275304542
1.706048625909751, 9.667324516573935, 47.798568652176364, 1.050949799154142, 2.785142734780890, 4.902876135091756, 4.136538446910121, 0.999697747244218, 0.024305184879396, -0.003697586079297, 0.006157926838319, -0.101945927782614, 0.994770882035454, -0.023801136357102, 0.994492979259542, 0.102064783895280, 1.050949799154142, 0.731983989238638
43.825594697170359, 9.248936904586676, 38.792576770673534, 0.993313686833582, 5.454120955316371, 1.788832182129170, 4.888261421028237, -0.999624185969577, -0.025848448242084, 0.009129323531165, -0.026161958520937, 0.999006508002292, -0.036076985675307, 0.008187719524334, 0.036302268421461, 0.999307313370840, 0.993313686833582, 0.508545749589449
44.137414333248614, 11.625670493185588, 84.051680778584810, 0.986057557222758, 5.299714704045173, 4.650599299318850, 1.892931568105115, 0.843660638442298, -0.536731973381501, 0.012470601153679, -0.033100853830025, -0.028817552896523, 0.999036476871981, 0.535855447503203, 0.843260539450920, 0.042078521671827, 0.986057557222758, 0.534198942079433
81.636430551985612, 9.282434312718649, 3.178328576199063, 0.997619363545180, 6.596846471026737, 3.839684159153346, 1.907446038322448, 0.995462580223042, -0.094699091641775, -0.009291577794156, 0.003218096812887, 0.131097697056406, -0.991364230582993, -0.095099396573191, -0.986836093720091, -0.130807602618064, 0.997619363545180, 0.547043078790359
11.052229405266056, 9.168272720732679, 92.767994175840172, 0.984561526297827, 4.385925118696134, 5.996910008153376, 1.765750619894855, 0.973722890423327, 0.218121244857025, 0.065474080426260, -0.062611477202585, -0.020017515166884, 0.997837212178947, -0.218960123283106, 0.975716363308808, 0.005834619377626, 0.984561526297827, 0.492706511647514
12.802087045081667, 7.237367739440392, 39.080806978260988, 0.984675022926442, 5.765324125279928, 5.494746930187220, 1.466549990349844, 0.678074873451472, -0.734339393861614, -0.030985813152610, 0.031959938964577, 0.071576847804659, -0.996922924382687, -0.734297642850057, -0.674998081094536, -0.072003904224301, 0.984675022926442, 0.538514476180186
95.612315955995996, 9.945417472119448, 76.557247772270784, 0.993082245410429, 5.676863617992787, 4.389945846976669, 1.912394817277103, 0.294829568309869, -0.945650325118206, -0.137189606946179, -0.071751782112216, 0.121256789543103, -0.990024480885913, -0.952852143521721, -0.301732089101458, 0.032102009166594, 0.993082245410429, 0.531742658322011
