xis_x,xis_y,xis_z,local_bandwidth_mbe_breiman,eigen_value_1_sambe_breiman,eigen_value_2_sambe_breiman,eigen_value_3_sambe_breiman,eigen_vector_1_x_sambe_breiman,eigen_vector_2_x_sambe_breiman,eigen_vector_3_x_sambe_breiman,eigen_vector_1_y_sambe_breiman,eigen_vector_2_y_sambe_breiman,eigen_vector_3_y_sambe_breiman,eigen_vector_1_z_sambe_breiman,eigen_vector_2_z_sambe_breiman,eigen_vector_3_z_sambe_breiman,local_bandwidth_sambe_breiman,scaling_factor_sambe_breiman
42.365479933890470, 51.682478060036829, 51.989882929246477, 0.999852195719026, 2.722420120546290, 1.282480148965507, 1.635382908686331, 0.964162610821601, 0.201421079395027, -0.172684708845390, -0.008744794752151, -0.626394122816864, -0.779457459689260, 0.265167849594210, -0.753033831694058, 0.602184406860348, 0.999852195719026, 0.457716635423213
56.804456109393229, 45.417977535731936, 47.598849333290090, 0.997335046008491, 2.666873404453154, 1.587501455531795, 1.338519018495337, 0.750858066186433, -0.527496580987203, -0.397441217653104, -0.592780904294957, -0.803595272517481, -0.053342642330595, 0.291243822159414, -0.275648317670121, 0.916075892609127, 0.997335046008491, 0.394207095290164
83.261984554793798, 44.891199351417235, 50.182262626445940, 1.002599273505651, 1.062134712039142, 2.433102898450858, 2.227716472890641, -0.108941146585879, 0.965048373722532, -0.238355748737156, -0.204042368612885, 0.212967768596973, 0.955516321864609, -0.972881564421588, -0.152729715230279, -0.173709803103567, 1.002599273505651, 0.358223233586510
87.001214824681909, 19.089717320446464, 48.201102525491834, 0.997019901452154, 2.776592010815361, 2.187277622152962, 0.932209105212237, 0.959772834402775, 0.275771986233000, 0.052781795645555, 0.279219807615100, -0.957206823385628, -0.076101224033404, -0.029536509236016, -0.087777610317792, 0.995702106932113, 0.997019901452154, 0.322765529825966
61.693399687475690, 97.036748737389658, 50.501656248238760, 0.971476511122448, 2.799555271104163, 1.669918748787253, 1.120289755449074, 0.992898732224834, -0.118926000010456, 0.002951959998066, -0.118884195587652, -0.992839491863220, -0.011674392329380, -0.004319211246766, -0.011240547953560, 0.999927494619440, 0.971476511122448, 0.308325709034197
36.371077094262262, 29.062887896731983, 54.622263381102549, 1.024964041022963, 0.834399142123523, 2.944037591387505, 2.503955035232587, -0.036803280857094, 0.997700268542970, 0.056918298177635, -0.037473617979564, 0.055538978286063, -0.997753050532276, 0.998619670582187, 0.038853520306718, -0.035343422105109, 1.024964041022963, 0.273927235638048
43.860151346232037, 76.848331446026066, 50.934963810245506, 1.025915039975701, 2.312431685081608, 2.599950740232505, 1.025930631254967, 0.898379541268267, -0.437757008267122, 0.035819010924886, -0.438217262705173, -0.898850445213558, 0.005788592797438, -0.029661936851860, 0.020896862262261, 0.999341528532557, 1.025915039975701, 0.336512794155068
36.872517066096414, 93.793731414211351, 52.136645388027020, 0.983295019091077, 1.117161705207914, 2.117380093830634, 2.295908043959207, 0.109750995813197, -0.954218989437671, 0.278246004669538, 0.055997234059548, 0.285428363622760, 0.956762749597471, 0.992380485849904, 0.089424657875680, -0.084759671236536, 0.983295019091077, 0.304125138584340
97.645946501339580, 3.929253440466551, 50.253217842937282, 0.993722052617855, 1.188065172599844, 1.901621053380732, 2.481123483943155, 0.258517300678022, 0.962759939441515, 0.079133458516103, -0.105441467550730, 0.109551496896169, -0.988372686008955, 0.960234816162639, -0.247167490852619, -0.129835778176600, 0.993722052617855, 0.291274589612602
3.918779225432067, 68.707750282660001, 52.579659051668727, 1.011269451282146, 1.046046819718893, 2.117816098516295, 2.666730534960819, 0.100720253226940, -0.993469127201582, -0.053614586515507, -0.051424979004189, 0.048618142303595, -0.997492730686979, -0.993584874142275, -0.103224849412702, 0.046192297403410, 1.011269451282146, 0.304163325812676
31.798317939397602, 72.253848514562307, 45.760386818250851, 0.996525300599400, 0.848293577036316, 2.658646983510785, 2.506547691224778, 0.046756962415038, 0.978144063924466, 0.202603002630882, -0.022372018371872, -0.201748530826274, 0.979181813098777, -0.998655736107137, 0.050316205329603, -0.012449908495323, 0.996525300599400, 0.315371565641163
57.594649555617927, 13.251911889586065, 46.239271086141919, 1.024331098726398, 2.781674764469046, 2.463998053902766, 0.895761105718074, 0.675958452001790, -0.736936567230714, -0.002160334593282, -0.735258154418477, -0.674215200235450, -0.069493238035134, -0.049755577862973, -0.048562945232804, 0.997580083412774, 1.024331098726398, 0.321319927870417
31.856895245132367, 32.693975829093816, 51.686486572758859, 1.011993886166994, 2.620075528711171, 2.066160353056017, 1.093638195752854, 0.461719256870481, 0.886197682414607, -0.038327477323051, 0.881678860824917, -0.463244553568654, -0.089704347517015, 0.097250779994023, -0.007625698129127, 0.995230694120010, 1.011993886166994, 0.354731995860018
0.469547619254707, 22.888971071771323, 49.804541940209774, 1.071067204178994, 3.681627110663569, 1.428874806072892, 1.334240208571008, 0.058446133472528, -0.715880310305950, -0.695772542429183, 0.993260665465505, 0.111577013312999, -0.031365913651203, -0.100086462227092, 0.689250282130090, -0.717576998420697, 1.071067204178994, 0.354206908971827
73.519402212259493, 87.142693338711453, 49.504169769013721, 0.996450313474077, 2.583565184312872, 2.152364183574970, 1.016364769062321, 0.439168228645596, 0.896555897055164, 0.057608943783924, 0.897148911268755, -0.441041172530990, 0.024627528129663, -0.047487871689275, -0.040868173290467, 0.998035417434834, 0.996450313474077, 0.323852014679575
29.828232595603076, 58.979348239994231, 49.105404080307572, 0.971432547193530, 0.900115157445076, 2.240290208611949, 2.596889273907673, 0.168308717611924, -0.948615493415884, -0.267956752531391, 0.075355023479606, 0.283421156921610, -0.956030369938949, -0.982849833907611, -0.140716358183956, -0.119185194245036, 0.971432547193530, 0.347683639024325
71.424129954911137, 71.064627530886696, 49.541541964222652, 0.995436601491888, 1.044933617294296, 2.237308015335405, 2.410150564811600, 0.105355635853864, -0.987762053505227, 0.115005720070636, -0.057006655942894, 0.109460112018761, 0.992355140589824, 0.992799290477203, 0.111106298345223, 0.044776771835247, 0.995436601491888, 0.349608120554414
69.742877314456365, 25.262324316377359, 51.342920659876995, 0.972010080710684, 2.315285768480028, 1.039582160411807, 2.179549438585947, 0.999651392136691, -0.011260033622990, 0.023881077069205, -0.026061558043357, -0.275923494927518, 0.960826217450032, 0.004229585266769, 0.961113643951533, 0.276120759847350, 0.972010080710684, 0.307625406818176
1.171408418500197, 54.064044634346743, 46.076629456936196, 0.960006670127307, 0.913334874914636, 1.531142113994121, 3.614057405301876, 0.489494831074202, 0.870491762187967, 0.051370247366816, 0.009063850753046, 0.053828137451748, -0.998509077689333, 0.871959091334660, -0.489230644564877, -0.018458587634755, 0.960006670127307, 0.291453066713955
18.619300588033617, 22.611918227113016, 48.722105126288618, 0.997751618224696, 2.450608448739229, 2.281306232445637, 1.014910269706166, 0.823913614498236, 0.566351318453002, -0.020311079021005, 0.566618214505587, -0.822579317580024, 0.048031919387858, -0.010495467352730, 0.051082779643702, 0.998639271603576, 0.997751618224696, 0.332477691126045
22.741462797332325, 4.717705914813264, 50.138872118125754, 1.039549260407990, 2.518107976045262, 2.336834136339947, 1.090563159243371, 0.995526032677010, -0.094419345924629, -0.003592405536446, -0.094333854639392, -0.995355353131153, 0.019205334207737, 0.005389075175478, 0.018780524708384, 0.999809106660082, 1.039549260407990, 0.340461681684610
17.960367755963482, 83.475149144907874, 48.704435592455617, 1.000794244785722, 2.391719257334401, 2.255866169002608, 1.061276882244585, 0.705332425467215, -0.708351558145045, 0.027280756184941, -0.708872488183638, -0.704673136522363, 0.030587026008962, 0.002442351504927, 0.040912598759081, 0.999159744075943, 1.000794244785722, 0.331368470220061
6.724963146324859, 79.838629078908554, 49.875540938439521, 0.999066388748137, 1.114699486966350, 2.101169285447642, 2.432103418802874, 0.038074355066174, 0.996965789552899, -0.067893725390935, -0.036269668662599, 0.069276974385403, 0.996937917803867, -0.998616470233393, 0.035495285337199, -0.038797294975690, 0.999066388748137, 0.364504289665245
87.265065544739528, 38.273295833331225, 53.954343842380844, 0.970396303338816, 2.797714338735970, 2.379849468512073, 0.783993355500699, 0.604135344607190, -0.796816293868742, 0.010211719817719, -0.794506296924938, -0.603273729291746, -0.069430192949844, -0.061483571325804, -0.033831957846286, 0.997534545309240, 0.970396303338816, 0.288912119771980
27.354203481563577, 36.322185911171381, 50.473093552771545, 0.984159879195533, 2.394169929659855, 2.126460102756055, 1.069553705088282, 0.964923939172270, 0.261881410164644, -0.018436882123809, 0.261913606608847, -0.955474984205114, 0.135900026605531, -0.017973710952831, 0.135962059297494, 0.990550990179793, 0.984159879195533, 0.305734470591579
21.550767711355846, 44.209860991400987, 54.610247311312058, 1.027109190162551, 2.944949703874203, 2.344549200878009, 0.896459038858403, 0.697625077033927, 0.714684691543913, -0.050448424813753, 0.716158457096696, -0.697650563469613, 0.020018881572441, 0.020888183795815, 0.050094739876684, 0.998526014089968, 1.027109190162551, 0.304242423495220
94.737059048892419, 36.406114242232192, 46.227556886550843, 0.995981767027623, 0.917401715331771, 2.411779231715328, 2.550791160710456, 0.013606929920577, 0.996516868962197, -0.082273819237448, 0.062663204166877, 0.081269860273803, 0.994720328863654, -0.997941969405875, 0.018690630937886, 0.061339106722114, 0.995981767027623, 0.314215593505868
14.484775934337723, 49.954669836293888, 44.713626588060279, 1.023626427584051, 2.982633678948650, 2.569689896053608, 0.799395451954102, 0.590159902730301, -0.805267468304438, 0.057057810157088, -0.799246864420988, -0.592771399038573, -0.099128795993253, -0.113647432538448, -0.012898564742370, 0.993437410260458, 1.023626427584051, 0.282194275913543
78.515291202313776, 24.124693622399075, 52.535164886324424, 0.997328070141978, 2.545002807786246, 2.214813614774121, 1.005325076127145, 0.872110693471424, -0.482741156605963, 0.079899399569263, -0.489284069554066, -0.858725922840912, 0.152285549943640, 0.004902816884618, 0.171903359943200, 0.985101617716078, 0.997328070141978, 0.340072071386482
87.650524531659073, 2.419600356923512, 48.694240139038278, 1.000050620146623, 3.008894324703008, 1.705060180954028, 1.113620305318893, 0.995651245155321, 0.092692255235959, 0.009313637309338, 0.090047901046926, -0.983200276046563, 0.158772140815084, -0.023874118574330, 0.157243006207696, 0.987271322110121, 1.000050620146623, 0.320291393299953
33.815895183684560, 64.108764709904108, 48.492011522152502, 1.003041575941739, 2.783115960326387, 2.164998035882117, 0.956722161305107, 0.865381159849535, 0.494786199361441, 0.079385547166553, 0.492198221893347, -0.869001120501675, 0.050773644067183, -0.094108227815105, 0.004865129833238, 0.995550085113354, 1.003041575941739, 0.304714539601121
96.157015454149857, 71.224802100133928, 44.550315677938215, 0.983943474511018, 2.095163322729588, 3.271293464926238, 0.793945878609787, 0.989106706895784, -0.146931284268182, -0.008894946715943, -0.147190671958664, -0.986544359263146, -0.071169749855018, -0.001681803238683, -0.071703730093849, 0.997424556860565, 0.983943474511018, 0.255120573756139
29.302028450779673, 33.480433840777835, 50.154942815948964, 1.012134325775314, 1.130436902973608, 2.240912604276864, 2.338089081065588, -0.024577302256539, 0.999336933157157, 0.026863548571243, 0.084492993053709, -0.024699029156111, 0.996117910733248, -0.996120921544476, -0.026751672598071, 0.083829933046550, 1.012134325775314, 0.356268817766351
61.787669191752379, 43.969634624786337, 49.950801349686827, 1.011733833349221, 0.907875989662898, 2.725202823727896, 2.391064532989511, -0.124366735876946, 0.969530585493589, 0.211052976287411, -0.017107086387823, 0.210577596379189, -0.977427451782731, 0.992088838059694, 0.125169963232495, 0.009603004828817, 1.011733833349221, 0.306359395750054
34.723351793221958, 6.220159106725598, 48.238107701351908, 0.972479618277691, 2.635359589854131, 1.028830850491470, 1.937650751128866, 0.997118382552099, -0.041256032884677, -0.063662162446021, -0.061085810245905, 0.060957834803398, -0.996269374297275, -0.044982829649616, -0.997287361860512, -0.058262019446751, 0.972479618277691, 0.292281693943390
18.984791190275796, 54.980702871386768, 53.359665790808293, 1.025453878274119, 2.351779039659567, 2.815490576533293, 0.930284190134428, 0.978975304182166, -0.200102253947866, -0.039578299185535, -0.198634897545172, -0.979332640438052, 0.038101927114691, 0.046384601740824, 0.029439214283300, 0.998489760279857, 1.025453878274119, 0.318797929521634
51.131898254645606, 78.924953767373069, 52.165766145360934, 0.996626056558865, 0.984780496879762, 2.367460906486997, 2.425449827202558, 0.060936553032561, 0.983884548871187, -0.168100954777335, -0.111885142291512, 0.174085550906265, 0.978353686506097, -0.991851022804795, 0.040809502057779, -0.120690236153875, 0.996626056558865, 0.302074038045534
8.110138998799677, 11.192641063692699, 49.345055988105180, 0.981665571350233, 2.558283755763368, 0.995390906615936, 2.122101416981938, 0.988578355111687, 0.050227724572301, 0.142091560231287, 0.143666875063766, -0.029265630518369, -0.989193283377811, 0.045526528684763, -0.998308919400529, 0.036147429110022, 0.981665571350233, 0.346622789594786
72.559436421057882, 4.401056599961728, 48.914732292715932, 1.009752405301888, 2.662026037184012, 1.988901522363936, 1.110802754322881, 0.936007291696204, 0.350558174097872, 0.031611967112196, 0.347364182270363, -0.934496160391332, 0.077814208789272, -0.056819668840802, 0.061853801718444, 0.996466573672091, 1.009752405301888, 0.293804104897153
45.614056680047966, 47.785873575552259, 49.799119290869669, 0.997822740318901, 1.953000865889661, 1.776828610854205, 1.635422826948621, 0.671500605388539, 0.646944398273467, 0.361316872710655, 0.213475253938333, 0.298035627286424, -0.930377923654658, 0.709588086793169, -0.701881550128346, -0.062024484444777, 0.997822740318901, 0.963435376803557
37.992695590012048, 12.758693441757751, 50.160748001946367, 0.983280318340424, 2.381242022688913, 2.003703420939690, 1.138185108132481, 0.865219148370040, -0.496070098020434, 0.072871689590807, -0.497087243759658, -0.867687686408708, -0.004727678725225, -0.065575127794373, 0.032133109166397, 0.997330118822275, 0.983280318340424, 0.365138162945271
3.536243575549092, 86.222029652272951, 47.593657581285377, 0.997159366504995, 2.894123648338343, 1.836855021145454, 1.065416934173353, 0.222340006559319, -0.974595558905875, 0.026989220888090, -0.974607267412213, -0.222926496505766, -0.021082017525930, -0.026563053109550, 0.021616514904327, 0.999413393192672, 0.997159366504995, 0.338042306414244
45.860396176858586, 13.351320219118879, 50.408982223403015, 0.997569653005452, 1.137272286488957, 2.259379698951892, 2.206956873852196, -0.059803542065880, 0.981079434007446, -0.184137667314444, -0.051898837811060, 0.181162403174781, 0.982082834749594, -0.996860093990243, -0.068288563050985, -0.040082729026300, 0.997569653005452, 0.330794873821057
81.552381876856884, 53.559051909327351, 47.780809556190675, 0.997786278324972, 2.495470688889695, 2.270385033151765, 1.001563366466953, 0.808788372194635, 0.586392933974458, 0.044773831504344, 0.585911226150946, -0.810001923167224, 0.024595112028523, -0.050689289529920, -0.006341249894692, 0.998694339864167, 0.997786278324972, 0.328308465892743
25.868406688940770, 10.038595388376258, 47.597114485548964, 1.010981571556281, 2.652204728850915, 2.149512910107223, 1.035381623848355, 0.631365717816277, -0.775380802889164, 0.012725599290104, -0.775282443242209, -0.631490878530368, -0.012506139825549, -0.017733120614511, 0.001969985761285, 0.999840815124773, 1.010981571556281, 0.332847306076240
9.961493022127133, 20.814098835857632, 48.799764101960868, 1.023338226398416, 1.015369997008053, 2.319791158353888, 2.598975675300367, -0.139233163416229, -0.746071189415318, -0.651146609090089, -0.006818682527431, 0.658258130071735, -0.752761409586765, -0.990236149498542, 0.100369390348227, 0.096738584377825, 1.023338226398416, 0.346238361213894
25.194098824609291, 22.285644345105627, 49.467279969600689, 0.982026622527277, 1.075381546153653, 2.269840491719495, 2.216305907307945, 0.062957280383658, 0.834294693690762, 0.547712282979057, -0.055608112868040, -0.545015989801142, 0.836579529180781, -0.996465814079916, 0.083126018432974, -0.012080829008475, 0.982026622527277, 0.313867052687488
66.585911755918772, 54.320481596908877, 47.566668243331797, 0.959527571639353, 2.532023034015075, 2.098906366290138, 0.949575490687672, 0.690855266225535, -0.722860892328348, -0.013825030586204, -0.718383460830595, -0.684169179582633, -0.125848070761074, -0.081511988894283, -0.096874475748218, 0.991953190233797, 0.959527571639353, 0.293177852299459
4.600731088729693, 87.816396116436266, 50.585753879191891, 0.983888830873154, 1.075881711608090, 2.140254221092815, 2.362794993584181, 0.165420188821274, -0.955966374910978, -0.242413801525197, 0.066328793336637, 0.256027676810529, -0.964391165389599, -0.983990168804973, -0.143450753733003, -0.105760242759714, 0.983888830873154, 0.331389635335279
98.549142764329758, 89.153488780947271, 47.085885576165687, 0.984156554254744, 3.790234943426769, 1.380180641585427, 1.040898403643148, -0.047693537260153, 0.989161856642800, -0.138867375097912, 0.997379090193108, 0.054733037436062, 0.047320662068395, -0.054408427189021, 0.136246526473126, 0.989179764792439, 0.984156554254744, 0.272518516302172
5.835635898058866, 20.220157447936437, 49.618770642932780, 1.011136030143707, 2.855349945202429, 2.238488667008870, 0.923915714936456, 0.849178087364002, -0.514225771571495, 0.120284794519155, -0.524443382658134, -0.847903254117778, 0.077583568122228, -0.062094398514757, 0.128964830508873, 0.989703166694392, 1.011136030143707, 0.330039462956959
94.258359969793034, 2.482934275979143, 50.299985473991178, 1.003175765394642, 3.062105800744417, 1.596546691966313, 1.179633554454618, 0.991818331081844, -0.123298627361840, 0.033073352123919, -0.121020348014449, -0.990599111913094, -0.063776757862487, -0.040626019943976, -0.059252408960941, 0.997416000741835, 1.003175765394642, 0.299632986239629
63.399769774466073, 68.034932058030279, 49.060748740611096, 0.970365337344452, 1.110057525029502, 2.181674143164514, 2.155203541855923, -0.012831693000645, 0.966629559227796, -0.255856684262528, -0.061115527610786, 0.254641188289051, 0.965102459592553, -0.998048215237918, -0.028020714727109, -0.055808597962943, 0.970365337344452, 0.331495076891070
94.020968935476731, 20.360464523693167, 49.121747433817923, 0.995486631272417, 2.142663042282858, 2.220806295389979, 1.184294127380409, 0.869995655392838, -0.493014538558990, -0.006650140378481, -0.489143030757629, -0.861310219332123, -0.137418344973630, -0.062021408068736, -0.122806232918027, 0.990490774362717, 0.995486631272417, 0.335749162040645
96.796556660422709, 33.112574898848756, 50.830958089877775, 0.959239788666037, 2.918985927780427, 1.828966832899752, 0.944412139777540, 0.287390614277716, 0.947877500868628, 0.137604063065455, 0.951318597555841, -0.299182937146509, 0.074043879320144, -0.111353315035813, -0.109625788332092, 0.987715862869025, 0.959239788666037, 0.318481397971007
41.748637479601179, 12.878170805454303, 49.769368108393088, 1.011052476372870, 1.088488816344467, 2.241490181869372, 2.419792451225717, -0.184125105396617, -0.797713689198752, 0.574239336537999, -0.031863208057649, 0.588765199835387, 0.807675847995390, 0.982386218111268, -0.130416293183457, 0.133824171722926, 1.011052476372870, 0.352347837483258
38.280805915785407, 32.402953086247543, 51.376204015709988, 1.026167701628421, 2.547235917449218, 2.135825082592319, 1.134587538682531, 0.817329149280302, -0.576121678981785, -0.007541401988151, -0.574566673926256, -0.815959545423780, 0.063899588771289, 0.042967417307270, 0.047893958272726, 0.997927837977734, 1.026167701628421, 0.321824934525882
40.594232196828372, 15.778754907953774, 52.429134744032538, 0.995124793990128, 2.474944779142475, 2.093036897125737, 1.086696032052730, 0.994281489323772, 0.106260578883323, -0.010630586224764, 0.106682943522075, -0.992818926639449, 0.054123271038968, 0.004803077093559, 0.054947868765522, 0.998477672343533, 0.995124793990128, 0.324097432369913
96.277031984024248, 8.905528845909894, 47.221186993699753, 1.000283925367619, 1.030020950122991, 1.961996516687443, 2.829068199815295, 0.137518137120780, 0.983670056357251, -0.116111938184464, -0.034112341635342, 0.121859537949137, 0.991960987720272, -0.989911667832532, 0.132451777024491, -0.050313185668079, 1.000283925367619, 0.299481244616405
51.995237457083817, 35.997716660472399, 52.335210266138034, 1.010366056203784, 1.047966665112791, 2.324390966571638, 2.418785926451394, 0.183008247914399, 0.948606607021745, -0.258173364834551, -0.092109845248981, 0.277997944907459, 0.956155279771774, -0.978786880584078, 0.151203993802815, -0.138251924596251, 1.010366056203784, 0.338518698293940
22.775950153786095, 94.532716895968846, 48.158203236613090, 1.002627011006729, 2.555705937325097, 0.998810410022807, 2.255496187297337, 0.999907657619852, 0.009701217304426, -0.009516439249665, 0.010181944991362, -0.071032152540817, 0.997422057757703, -0.009000234962107, 0.997426849291832, 0.071124370523728, 1.002627011006729, 0.309695614984577
87.178573475549285, 70.498776264072063, 53.442457307930653, 1.025326573063928, 2.710716608786819, 2.412678337873251, 0.941501324500661, 0.610522054087108, -0.791568579914390, 0.026115220955889, -0.790154214664752, -0.611017988620288, -0.048097137440248, -0.054029052562366, -0.008729311240533, 0.998501207112179, 1.025326573063928, 0.283380579529718
88.630466608655993, 22.846474026061436, 50.682479292513548, 0.984328163343865, 0.996654532919972, 2.451996931813824, 2.229323031882529, 0.043948353026449, 0.998446629998096, -0.034247179616825, 0.097406841021310, -0.038399461852615, -0.994503589059225, 0.994273830284450, -0.040370885237681, 0.098943125262012, 0.984328163343865, 0.311297644299417
90.787559435432613, 20.448762249396612, 47.989093380881805, 0.984122874404506, 1.041710470469410, 2.119961572784663, 2.465419343462305, 0.087437831546166, 0.973774335236976, 0.210043256612273, 0.052341019540762, 0.206068676092823, -0.977136693818620, 0.994793970271200, -0.096432591830439, 0.032950143321786, 0.984122874404506, 0.331173372116889
51.451274329875673, 19.925575979896028, 49.801995061716703, 1.006169465982097, 1.039155098507704, 2.558371968200922, 2.188704740564873, 0.034320676113527, 0.998601636255470, 0.040210238236138, 0.020642413565111, -0.040933663345679, 0.998948610273476, -0.999197669109229, 0.033454555340032, 0.022018418964209, 1.006169465982097, 0.362349314376593
13.343943174560401, 33.862678096044576, 46.570771281705504, 1.001664464232757, 0.896740564928258, 2.572934493564781, 2.488221812394273, -0.100381528053447, 0.790624675979792, 0.604016697250585, -0.004269732505988, 0.606735159814132, -0.794892580937605, 0.994939856579272, 0.082371521639276, 0.057529246586827, 1.001664464232757, 0.308369856097846
63.758269453079286, 74.880026363957413, 51.994119421467140, 0.996286168147231, 0.930611552415102, 2.414901591268429, 2.513635281272950, 0.039214633928098, 0.990760910587314, -0.129826925320140, 0.008251646494866, 0.129601344053085, 0.991531846160152, -0.999196738793722, 0.039953844268479, 0.003093139531467, 0.996286168147231, 0.293183895997231
86.206259585120719, 0.801871237883001, 46.628386393451493, 1.032434695370221, 3.445539043853659, 1.601847155529221, 1.139009536616886, 0.999222807029229, 0.038736032216689, -0.007300802746013, 0.036943058876376, -0.855685035868828, 0.516176645917867, -0.013747447526184, 0.516045191042674, 0.856451030992575, 1.032434695370221, 0.312463246872216
63.918689922539251, 69.182086844824283, 48.208644766656249, 1.001505122813069, 2.385779982454903, 2.065221398484319, 1.164609575717418, 0.922871054776161, -0.384732742842249, -0.017021540512405, -0.384502436396790, -0.922996724567045, 0.015327192940659, 0.021607699120167, 0.007600198917657, 0.999737637740595, 1.001505122813069, 0.319388788723610
61.452769981032077, 23.166435449546828, 51.682341852068618, 0.990931507814409, 2.213789769708150, 2.390800761245273, 1.050192685128571, 0.995099085043571, 0.098319233933631, 0.010542257071035, 0.098672179708496, -0.994274976916325, -0.041000868644630, -0.006450728410196, -0.041840154358510, 0.999103492930654, 0.990931507814409, 0.371670213132025
53.491685492708399, 85.802343350340834, 54.802534239758579, 1.011677809454260, 0.795190331864949, 2.686716222140666, 2.768545221172496, 0.024163074260569, 0.998935723523585, 0.039288243924749, -0.001388568091107, 0.039333216287631, -0.999225184818280, 0.999707065955290, -0.024089797941926, -0.002337501696817, 1.011677809454260, 0.289835350683667
36.509987706000977, 15.623395263737006, 47.866140680016713, 0.982159100472347, 1.015464354747184, 2.510710990792334, 2.122765234114977, 0.148703395974347, 0.969465191437715, -0.194998827217835, -0.003327619426642, -0.196699547195503, -0.980458165901042, 0.988876244519327, -0.146446340765887, 0.026023879450106, 0.982159100472347, 0.348117980203416
77.345554444903058, 17.105938268888842, 50.568164248245147, 1.009617028316587, 2.680737675883426, 2.258540364317113, 0.970969669181893, 0.587965602807050, -0.808876168518793, -0.003974156275107, -0.807350028088580, -0.586539472646927, -0.064477741682176, -0.049823509120805, -0.041119229436134, 0.997911231978811, 1.009617028316587, 0.347455138590661
88.189650309683230, 54.175289037234329, 51.499986030318595, 0.999530291136904, 2.386129327366970, 2.157160485210121, 1.108228420564038, 0.782139376585809, -0.622634141711909, -0.024181008428842, -0.614477956068848, -0.764296479854667, -0.195621400637083, -0.103319103264652, -0.167861896976169, 0.980381327058074, 0.999530291136904, 0.347521972547345
93.081871729797314, 53.957555386592325, 55.321532994539233, 0.984221403868303, 3.153885238898010, 2.453925718796681, 0.703702275512984, 0.821737789114813, -0.568182572273004, 0.043767230960292, -0.568351240127354, -0.822728868274600, -0.009699337776029, -0.041519559082403, 0.016904847613270, 0.998994670827014, 0.984221403868303, 0.318985217512213
31.823350917706239, 98.348736515009179, 46.647010863994929, 0.983366054974532, 3.808887889767826, 1.042476886725784, 1.368040175105662, 0.999548845734999, -0.027203478026492, 0.012730898361556, -0.018640106987331, -0.229486700416772, 0.973133290327344, 0.023551038221933, 0.972931562400503, 0.229890242253960, 0.983366054974532, 0.280627967143618
44.458728781130077, 18.851376175907397, 46.472191027284680, 0.971943072180231, 2.538380496741689, 2.401393101249494, 0.860439506933621, 0.758434300597375, 0.650870824047009, 0.033831672759980, 0.650069352354818, -0.759184127999180, 0.032392852963447, -0.046768031884592, 0.002574917181525, 0.998902458198572, 0.971943072180231, 0.316951054547563
79.187956963090130, 23.015989375415526, 50.754832141218600, 0.995281534431240, 2.417782125993622, 2.072198670744775, 1.124105633989198, 0.982498210420577, -0.186156227299258, 0.006567005258995, -0.184559275840230, -0.968089240833342, 0.169531989559652, 0.025201988447233, 0.167776878086437, 0.985502805149673, 0.995281534431240, 0.345813407558454
45.309424544887847, 70.665880512338205, 53.818728945864578, 0.998700320084045, 0.793546858374673, 2.777973163156053, 2.581206693951838, 0.039864512941220, 0.996261307468773, 0.076643511457721, -0.107795328844464, -0.071968865303036, 0.991564748015129, -0.993373538849950, 0.047790058250686, -0.104523311491374, 0.998700320084045, 0.294392534405528
15.638334886796301, 87.571526141472816, 50.552797138510677, 0.960745911057531, 2.351572683943043, 2.139430504491076, 1.006901254222561, 0.684423142821593, -0.729084999712466, -0.000157367360991, -0.728015882712494, -0.683407800574397, -0.054283078693209, -0.039469432331373, -0.037267161259460, 0.998525574336031, 0.960745911057531, 0.310323444960487
7.535906908334034, 47.907940039005638, 48.990337247670489, 0.996103062319201, 2.096956573428759, 2.537796317521662, 1.060924464780910, 0.960987807831068, -0.275919608948848, 0.019256235290243, -0.276177155393488, -0.961028405547515, 0.012271208969014, -0.015119921917770, 0.017110614492616, 0.999739273427270, 0.996103062319201, 0.360807903236032
42.540172535505469, 11.912197742494557, 51.428913250354213, 1.028319964752582, 1.123360788930730, 2.212805614345372, 2.498849588339064, 0.226828204571286, -0.945679234597558, -0.232894291175083, 0.038845560558718, 0.247721523338114, -0.968052203809238, -0.973159795735442, -0.210534634029704, -0.092925668349130, 1.028319964752582, 0.334338649681659
6.355377483615843, 64.732085294615132, 48.766402471828236, 0.996225607980708, 1.060912025189424, 2.424165698665759, 2.196085616087828, 0.040690684502025, 0.968100676725002, 0.247235409922104, -0.053281786576629, 0.249190667319928, -0.966987622743875, 0.997750128746651, -0.026174243928779, -0.061721872466716, 0.996225607980708, 0.330150839195404
11.566187190501331, 36.150011663974958, 49.355551871543497, 1.009686241444973, 2.447464032462203, 2.149829497890750, 1.117523893201998, 0.907354606212396, -0.419983038439183, 0.017940624530361, -0.416957491723522, -0.904601178000028, -0.088561610512635, -0.053423484356385, -0.072876307428095, 0.995909119917510, 1.009686241444973, 0.343519683327251
88.905995318972870, 19.265684714469934, 50.684869041653052, 0.981670446145082, 2.641350182226109, 1.991811431868858, 1.027166351945535, 0.999681077124885, 0.025067947089263, 0.003056479536896, 0.025024741727853, -0.999596515049185, 0.013437611505738, -0.003392099627632, 0.013356838333035, 0.999905039756207, 0.981670446145082, 0.336673901487775
91.950740690582066, 57.147983846715753, 48.169353303340515, 0.960904951372070, 1.107978344494054, 2.236736818970036, 2.045092579041250, 0.126956143480305, 0.815980958378089, 0.563965613488077, 0.011038606538200, 0.567368790279892, -0.823389825648840, 0.991846906935896, -0.110759791353667, -0.063023660802822, 0.960904951372070, 0.310770055075009
71.045575950449162, 8.006831995860574, 48.964598174859148, 0.995375533876124, 1.076595413657359, 2.392674709297269, 2.186968554581632, -0.159386022215606, 0.842562306456367, -0.514475320750387, 0.037378923450873, 0.525914238367658, 0.849715852484712, -0.986508444973453, -0.116202296109388, 0.115317450435594, 0.995375533876124, 0.312144554235960
35.899527833963205, 14.795730346364266, 43.924656526623217, 1.000888997927091, 2.935754447599449, 2.543557327711152, 0.767033489774168, 0.852684336140133, -0.522298525103447, 0.011561728937537, -0.522356293673732, -0.852723721967246, 0.002481220217745, -0.008563022871808, 0.008155039490457, 0.999930082540877, 1.000888997927091, 0.301370271006120
92.330530755870825, 83.529371234768362, 50.467088341418531, 0.996957678345679, 2.545191611803315, 2.222145959296603, 1.000817615236128, 0.801239049288390, -0.594981984116976, 0.063343701120662, -0.598296591269811, -0.795335040765988, 0.097382553903088, 0.007561400026567, 0.115925025365492, 0.993229184893219, 0.996957678345679, 0.352465115104238
60.021286813129393, 83.923924131735490, 49.259121462153978, 0.982292194972770, 2.143695221567737, 2.372028462897837, 1.064772882287911, 0.988463112260982, 0.150870635617015, 0.013368882071829, 0.151114387359583, -0.988321557912662, -0.019619890367326, -0.010252689026326, -0.021413768318673, 0.999718126720789, 0.982292194972770, 0.318318446920490
62.773475619528440, 78.141182114760795, 51.050554241432813, 1.010630523186170, 0.994727861373379, 2.618382694120334, 2.263902223326538, 0.027952585869186, 0.998417299670100, 0.048801113334560, -0.045006842636736, -0.047513631876588, 0.997856121343036, -0.998595532264739, 0.030089042945280, -0.043607481417060, 1.010630523186170, 0.312365455286404
40.142794930551993, 42.650766163237606, 52.214659992186199, 0.995786375313745, 1.061273575867475, 2.234737128870438, 2.378277798941760, 0.076617508491079, -0.954190689400215, -0.289222899602647, 0.099069161594689, 0.295925587662646, -0.950059654857232, -0.992126533569960, -0.044138133495436, -0.117203952825808, 0.995786375313745, 0.334332009285527
81.083861512895140, 43.358562495740294, 50.918720302592206, 0.983660981369466, 1.024972589335541, 2.255806537954308, 2.351473396762766, -0.055062189427365, -0.709913647736303, -0.702133013077438, 0.013315678599613, 0.702615200254367, -0.711445411170068, -0.998394134597603, 0.048523119533393, 0.029234549284216, 0.983660981369466, 0.339565518540299
34.234237662515788, 74.378074987241149, 52.091501018608696, 0.997251810215970, 2.594853084490349, 2.202151756901454, 0.991453430459832, 0.812274803004749, 0.579858832452360, 0.063034743043672, 0.581272497340660, -0.795797953483601, -0.169787811890798, 0.048290042855120, -0.174554723964427, 0.983462617542097, 0.997251810215970, 0.357009871075043
72.557353410148934, 70.740510336736691, 47.860130956732888, 1.011381040315497, 2.249005794906847, 2.859953473588552, 0.918782510131577, 0.973170298255262, -0.215276090556423, 0.081214379444204, -0.216006112727069, -0.976391988931733, 0.000207880917680, -0.079252317684123, 0.017745105935944, 0.996696634566916, 1.011381040315497, 0.369628470366430
90.314964685157150, 17.886580715735910, 49.611641223138356, 1.023254599682745, 1.047465000165541, 2.327832417053201, 2.510023123317034, -0.056919454297259, 0.988679708898565, 0.138825822290920, 0.016011730140533, -0.138129381455440, 0.990284756257838, -0.998250369506773, -0.058589309528150, 0.007968223679443, 1.023254599682745, 0.365957359946859
21.766284345773844, 31.660224954798323, 53.360776401249694, 1.024738744287193, 2.864850005596135, 2.517997171130116, 0.852118867940602, 0.805047640395513, 0.593156391137458, 0.007987011105792, 0.591901349643278, -0.802304741035297, -0.077200354939284, 0.039383867053438, -0.066877486234701, 0.996983607112396, 1.024738744287193, 0.292750404131744
72.982763552926755, 18.960302750653668, 51.139151748210011, 0.959587020270504, 2.295288331906927, 2.012279883886622, 1.092811604403296, 0.578314721393518, -0.812263502735675, -0.076026871191110, -0.809562690508991, -0.582900379627354, 0.069537022988699, 0.100798477941789, -0.021334234316212, 0.994678097321319, 0.959587020270504, 0.314708686510687
50.686295848731348, 34.907134715315834, 51.725392479584031, 0.995236224676745, 2.416858042428645, 2.034132908563042, 1.145422988622085, 0.864037718591206, -0.499439452996543, -0.063238071145613, -0.499779555842822, -0.866076853784498, 0.011457700480298, 0.060491457357671, -0.021705209726213, 0.997932696857602, 0.995236224676745, 0.344719614344979
9.767636744772412, 29.928500353679855, 52.256660563394540, 0.982419775939868, 2.315910492223614, 2.418335027003561, 0.967098901474733, 0.967715035012986, -0.251420812247142, 0.017753483568091, -0.251248369839538, -0.967855625285370, -0.011390577528824, -0.020046637194049, -0.006562299326668, 0.999777509531374, 0.982419775939868, 0.295924565960293
47.582619585722277, 14.856957503350721, 50.954568684704554, 0.972066273790502, 2.080896044566580, 2.261861957602439, 1.114779524393946, 0.875698931882719, 0.479442060778278, 0.057329669946227, 0.464532782511169, -0.868905003457342, 0.170919246836708, -0.131759912992898, 0.123042290792536, 0.983615737981367, 0.972066273790502, 0.342351396741489
10.747256776880453, 48.999410666840546, 48.802846889752701, 1.009633511875241, 2.329443980331453, 2.510374392856323, 1.005352455261787, 0.874213924368581, 0.485512042242086, 0.005298233479517, 0.483679672284071, -0.871765398535218, 0.077968355990787, -0.042473392368149, 0.065598374634215, 0.996941755663835, 1.009633511875241, 0.337691816694651
47.145731935426539, 75.764245680783148, 52.399417394341825, 0.997336888842346, 2.747423313485373, 2.209199649883792, 0.933647505772648, 0.716977219745903, -0.694822437592197, -0.056262301622602, -0.695781530514367, -0.718245253585598, 0.003437658628473, 0.042798693444080, -0.036681547407357, 0.998410104075115, 0.997336888842346, 0.292426751768998
25.438240111762433, 7.967328393030138, 46.860564950117933, 0.994424404032568, 1.011339496245085, 2.521211589263544, 2.203062896072228, 0.105340272659197, 0.931616437310975, -0.347842264091201, -0.019222864385060, -0.347815409100646, -0.937365949177259, 0.994250425416514, -0.105428909337796, 0.018730633596411, 0.994424404032568, 0.323356284910978
1.350870662671888, 38.123470103435039, 50.801158766836927, 0.959168474868354, 1.323621329801363, 1.102240583653477, 3.455113929733795, 0.835473441309258, 0.548242965423920, -0.037600262366787, -0.009718253434637, -0.053671361806148, -0.998511362214799, 0.549444887515614, -0.834595132854883, 0.039513033266190, 0.959168474868354, 0.289335012103804
5.107548016925678, 73.854344131517436, 53.995903063894012, 0.985263434735393, 2.797968544851649, 2.248038494884356, 0.868617076228835, 0.493984555207510, -0.866177190537435, -0.075606440262156, -0.868624097466377, -0.495470585582104, 0.001037363797573, 0.038359308090216, -0.065161134241229, 0.997137197213722, 0.985263434735393, 0.266676440548427
69.150810783153531, 63.034998815956286, 50.390275035300149, 0.999393729121244, 1.051224593667083, 2.468502771192233, 2.197346601245806, 0.197093690387747, -0.816090331917836, 0.543277688994841, 0.016639027681179, 0.556852156997214, 0.830444951821236, 0.980243449336522, 0.154635847712570, -0.123330996246081, 0.999393729121244, 0.340533229466975
96.733780203698217, 94.416161110529160, 49.106930861388555, 0.994879792994970, 1.725170379063020, 1.244499984314291, 2.620008979571670, 0.998094101293195, -0.061245855744161, 0.007557123652161, 0.001653074033639, -0.095881948640223, -0.995391339760997, -0.061688186145873, -0.993506717178661, 0.095597963424505, 0.994879792994970, 0.298439256009046
61.765698256924331, 82.473284517868024, 55.301761681247356, 0.970368611997033, 2.506509158105250, 2.950628045259395, 0.705739291045786, 0.889836958980341, -0.456266205678668, -0.003366895930967, -0.456205160437900, -0.889537046892865, -0.024509055366337, -0.008187675033139, -0.023345058593027, 0.999693938271529, 0.970368611997033, 0.265621045879609
96.705491807721955, 93.740027611010404, 51.387972728941918, 0.971879985023852, 1.100282416788371, 1.785865171823405, 2.668719399262443, 0.238085305147563, -0.970743416226003, 0.031186653021131, 0.037764981213967, 0.041338437154506, 0.998431239398854, 0.970509759696779, 0.236534042935666, -0.046502181301611, 0.971879985023852, 0.293451155433231
78.339664551480581, 52.137379056569145, 53.886353910594153, 0.984230449945566, 0.809192703494426, 2.821105616059173, 2.385815883355363, 0.120306335390760, 0.983655520995301, 0.133970898632163, -0.033237081104516, -0.130884376069366, 0.990840338571551, -0.992180266939681, 0.123657171714365, -0.016947618685414, 0.984230449945566, 0.318516951182067
51.898992038643179, 57.723540093574066, 51.792414982805575, 1.001261614839687, 2.720345939106134, 1.598309727652503, 1.318789439609224, 0.364911743986224, -0.676411892378126, 0.639770561178283, 0.867557276718841, -0.002359997677733, -0.497331682102749, -0.337910921269379, -0.736519777236432, -0.585964868423419, 1.001261614839687, 0.439973570909079
16.368426115164848, 73.530469006706639, 50.560406601743040, 1.024418203185254, 2.444685973128292, 2.207436519003287, 1.137989867467352, 0.930196047600892, 0.361626154996139, 0.062943125521280, 0.358456975504313, -0.931846112260834, 0.056315360042078, -0.079018413929790, 0.029821922927216, 0.996426988380455, 1.024418203185254, 0.357903788215939
